0.5 0.1 0.0082419 0.00391824 0.98784
0.5 0.15 0.0401211 0.000916529 0.958962
0.5 0.2 0.104601 0.000668634 0.89473
0.5 0.25 0.200055 0.00133121 0.798614
0.5 0.3 0.327157 0.00580194 0.667041
0.5 0.35 0.546795 0.0319995 0.421205
0.5 0.4 0.947059 0.00944785 0.0434933
0.5 0.45 0.99876 0.000124453 0.00111555
0.5 0.5 0.999941 1.26406e-06 5.82003e-05
0.5 0.55 0.999986 1.27173e-08 1.37831e-05
0.5 0.6 0.999992 1.27858e-10 7.594e-06

0.65 0.1 0.00326035 0.00138092 0.995359
0.65 0.15 0.0148205 0.000111519 0.985068
0.65 0.2 0.0435134 2.19756e-05 0.956465
0.65 0.25 0.0916082 1.11552e-05 0.908381
0.65 0.3 0.158249 1.35867e-05 0.841738
0.65 0.35 0.241678 3.54487e-05 0.758287
0.65 0.4 0.34016 0.000174257 0.659666
0.65 0.45 0.453998 0.00138795 0.544614
0.65 0.5 0.61657 0.0123061 0.371124
0.65 0.55 0.937233 0.00794604 0.0548212
0.65 0.6 0.998395 0.000123452 0.00148157

0.8 0.1 0.00210654 0.000780843 0.997113
0.8 0.15 0.00699675 3.45905e-05 0.992969
0.8 0.2 0.020375 2.83171e-06 0.979622
0.8 0.25 0.0456841 5.03458e-07 0.954315
0.8 0.3 0.0838535 2.00306e-07 0.916146
0.8 0.35 0.134509 1.71224e-07 0.865491
0.8 0.4 0.196775 2.93202e-07 0.803225
0.8 0.45 0.269631 9.27377e-07 0.730368
0.8 0.5 0.35207 4.96875e-06 0.647925
0.8 0.55 0.443194 4.10634e-05 0.556765
0.8 0.6 0.543148 0.000466899 0.456386

0.95 0.1 0.0016866 0.000548144 0.997765
0.95 0.15 0.00436718 1.73215e-05 0.995615
0.95 0.2 0.0110791 8.12326e-07 0.98892
0.95 0.25 0.0247798 6.80571e-08 0.97522
0.95 0.3 0.0471294 1.12415e-08 0.952871
0.95 0.35 0.0786205 3.73793e-09 0.921379
0.95 0.4 0.119094 2.44361e-09 0.880906
0.95 0.45 0.168085 3.00128e-09 0.831915
0.95 0.5 0.225005 6.55327e-09 0.774995
0.95 0.55 0.289229 2.39646e-08 0.710771
0.95 0.6 0.360147 1.37882e-07 0.639853

1.1 0.1 0.00144376 0.000430518 0.998126
1.1 0.15 0.00334108 1.11421e-05 0.996648
1.1 0.2 0.00718134 3.71184e-07 0.992818
1.1 0.25 0.0149392 1.85827e-08 0.985061
1.1 0.3 0.0282903 1.58735e-09 0.97171
1.1 0.35 0.048154 2.47181e-10 0.951846
1.1 0.4 0.0748446 7.13819e-11 0.925155
1.1 0.45 0.108307 3.77275e-11 0.891693
1.1 0.5 0.148287 3.54125e-11 0.851713
1.1 0.55 0.194428 5.67791e-11 0.805572
1.1 0.6 0.246333 1.48914e-10 0.753667

1.25 0.1 0.00126868 0.000361108 0.99837
1.25 0.15 0.00282782 8.2219e-06 0.997164
1.25 0.2 0.00542873 2.22165e-07 0.994571
1.25 0.25 0.0101834 7.92271e-09 0.989817
1.25 0.3 0.0184193 4.20834e-10 0.981581
1.25 0.35 0.0311438 3.64218e-11 0.968856
1.25 0.4 0.0489288 5.391e-12 0.951071
1.25 0.45 0.0720014 1.38608e-12 0.927999
1.25 0.5 0.100361 6.15063e-13 0.899639
1.25 0.55 0.133867 4.61753e-13 0.866133
1.25 0.6 0.1723 5.70395e-13 0.8277

1.4 0.1 0.00113247 0.00031592 0.998552
1.4 0.15 0.00249783 6.57841e-06 0.997496
1.4 0.2 0.00453434 1.55726e-07 0.995466
1.4 0.25 0.00779015 4.46468e-09 0.99221
1.4 0.3 0.013158 1.70559e-10 0.986842
1.4 0.35 0.0215184 9.51973e-12 0.978482
1.4 0.4 0.0335217 8.29785e-13 0.966478
1.4 0.45 0.0495582 1.17342e-13 0.950442
1.4 0.5 0.0698055 2.73214e-14 0.930194
1.4 0.55 0.0942914 1.04548e-14 0.905709
1.4 0.6 0.122944 6.49072e-15 0.877056

1.55 0.1 0.00102284 0.000284447 0.998693
1.55 0.15 0.00225008 5.54248e-06 0.997744
1.55 0.2 0.00399267 1.20065e-07 0.996007
1.55 0.25 0.00649281 2.99189e-09 0.993507
1.55 0.3 0.0102788 9.15791e-11 0.989721
1.55 0.35 0.0160094 3.72668e-12 0.983991
1.55 0.4 0.0242872 2.1652e-13 0.975713
1.55 0.45 0.0355588 1.89136e-14 0.964441
1.55 0.5 0.0501111 2.56426e-15 0.949889
1.55 0.55 0.0680902 5.47337e-16 0.93191
1.55 0.6 0.0895399 1.84204e-16 0.91046

1.7 0.1 0.000932623 0.000261421 0.998806
1.7 0.15 0.00205027 4.83778e-06 0.997945
1.7 0.2 0.00360859 9.83348e-08 0.996391
1.7 0.25 0.00570551 2.23386e-09 0.994294
1.7 0.3 0.00862366 5.90715e-11 0.991376
1.7 0.35 0.0127977 1.92936e-12 0.987202
1.7 0.4 0.0187099 8.30208e-14 0.98129
1.7 0.45 0.0267887 4.98124e-15 0.973211
1.7 0.5 0.0373554 4.34342e-16 0.962645
1.7 0.55 0.0506361 5.66077e-17 0.949364
1.7 0.6 0.0667536 1.11801e-17 0.933246

1.85 0.1 0.000857065 0.00024396 0.998899
1.85 0.15 0.00188376 4.33183e-06 0.998112
1.85 0.2 0.00330661 8.38774e-08 0.996693
1.85 0.25 0.00516286 1.78718e-09 0.994837
1.85 0.3 0.00759313 4.28988e-11 0.992407
1.85 0.35 0.0108563 1.20707e-12 0.989144
1.85 0.4 0.0152951 4.19169e-14 0.984705
1.85 0.45 0.021269 1.89513e-15 0.978731
1.85 0.5 0.0290821 1.16601e-16 0.970918
1.85 0.55 0.0389867 1.01183e-17 0.961013
1.85 0.6 0.0511704 1.27106e-18 0.94883

2 0.1 0.000792859 0.000230311 0.998977
2 0.15 0.00174242 3.95268e-06 0.998254
2 0.2 0.00305589 7.36547e-08 0.996944
2 0.25 0.00474709 1.49748e-09 0.995253
2 0.3 0.00688393 3.36467e-11 0.993116
2 0.35 0.00961015 8.5663e-13 0.99039
2 0.4 0.0131484 2.56624e-14 0.986852
2 0.45 0.0177605 9.44644e-16 0.982239
2 0.5 0.0236996 4.4501e-17 0.9763
2 0.55 0.0312142 2.7911e-18 0.968786
2 0.6 0.04052 2.41152e-19 0.95948

