0.5 0.1 0.993022 0.00557829 0.00139971
0.5 0.15 0.997197 0.00196137 0.000841578
0.5 0.2 0.998854 0.000687893 0.000458157
0.5 0.25 0.999519 0.000240975 0.000239818
0.5 0.3 0.999791 8.43689e-05 0.000124686
0.5 0.35 0.999905 2.95309e-05 6.59621e-05
0.5 0.4 0.999953 1.03352e-05 3.62816e-05
0.5 0.45 0.999975 3.61687e-06 2.11621e-05
0.5 0.5 0.999985 1.26572e-06 1.32907e-05
0.5 0.55 0.999991 4.42931e-07 9.05133e-06
0.5 0.6 0.999993 1.55e-07 6.6648e-06

0.65 0.1 0.86516 0.112776 0.0220642
0.65 0.15 0.94381 0.0428929 0.0132971
0.65 0.2 0.977384 0.0155867 0.00702932
0.65 0.25 0.990963 0.00554768 0.00348969
0.65 0.3 0.996363 0.00195637 0.00168102
0.65 0.35 0.998512 0.000687051 0.000801287
0.65 0.4 0.999376 0.000240827 0.000383593
0.65 0.45 0.999729 8.43414e-05 0.000186999
0.65 0.5 0.999876 2.95255e-05 9.42235e-05
0.65 0.55 0.99994 1.0334e-05 4.98847e-05
0.65 0.6 0.999968 3.61661e-06 2.82154e-05

0.8 0.1 0.205666 0.612331 0.182003
0.8 0.15 0.427688 0.420838 0.151474
0.8 0.2 0.669752 0.232508 0.0977406
0.8 0.25 0.842065 0.10478 0.0531551
0.8 0.3 0.932387 0.0414656 0.0261473
0.8 0.35 0.972442 0.0153504 0.0122078
0.8 0.4 0.988927 0.00550931 0.00556419
0.8 0.45 0.995532 0.00195008 0.00251748
0.8 0.5 0.99817 0.000685989 0.00114382
0.8 0.55 0.999232 0.000240641 0.000527239
0.8 0.6 0.999666 8.43068e-05 0.000249283

0.95 0.1 0.0197544 0.583869 0.396377
0.95 0.15 0.0485715 0.5041 0.447329
0.95 0.2 0.110436 0.456831 0.432733
0.95 0.25 0.229894 0.405899 0.364207
0.95 0.3 0.422037 0.316979 0.260984
0.95 0.35 0.64624 0.196741 0.157018
0.95 0.4 0.822337 0.0962019 0.0814609
0.95 0.45 0.921729 0.0398318 0.0384388
0.95 0.5 0.967648 0.0150715 0.0172806
0.95 0.55 0.986918 0.00546341 0.00761888
0.95 0.6 0.994707 0.00194251 0.00335014

1.1 0.1 0.00850194 0.467597 0.523901
1.1 0.15 0.0142672 0.359694 0.626039
1.1 0.2 0.0255366 0.301812 0.672651
1.1 0.25 0.0468366 0.275457 0.677706
1.1 0.3 0.0845581 0.269568 0.645874
1.1 0.35 0.149346 0.273888 0.576766
1.1 0.4 0.258304 0.271503 0.470193
1.1 0.45 0.426231 0.237383 0.336386
1.1 0.5 0.631006 0.164414 0.20458
1.1 0.55 0.805858 0.0874205 0.106721
1.1 0.6 0.911886 0.0380349 0.0500789

1.25 0.1 0.00672759 0.392812 0.60046
1.25 0.15 0.00912653 0.270439 0.720435
1.25 0.2 0.0130248 0.200675 0.7863
1.25 0.25 0.020241 0.161634 0.818125
1.25 0.3 0.0326264 0.141747 0.825627
1.25 0.35 0.0521527 0.135066 0.812781
1.25 0.4 0.081389 0.138714 0.779897
1.25 0.45 0.124545 0.15104 0.724415
1.25 0.5 0.189308 0.169121 0.64157
1.25 0.55 0.288734 0.184154 0.527112
1.25 0.6 0.436593 0.17775 0.385657

1.4 0.1 0.00588028 0.34369 0.65043
1.4 0.15 0.00731314 0.217236 0.775451
1.4 0.2 0.0092523 0.145864 0.844884
1.4 0.25 0.0127376 0.104912 0.882351
1.4 0.3 0.0188125 0.0814012 0.899786
1.4 0.35 0.0284552 0.0684418 0.903103
1.4 0.4 0.0425389 0.0624357 0.895025
1.4 0.45 0.0619235 0.0616692 0.876407
1.4 0.5 0.0876884 0.0655915 0.84672
1.4 0.55 0.121572 0.0744032 0.804025
1.4 0.6 0.166774 0.0885785 0.744648

1.55 0.1 0.00529567 0.309452 0.685252
1.55 0.15 0.00628461 0.183164 0.810551
1.55 0.2 0.00750523 0.113866 0.878629
1.55 0.25 0.00962008 0.0748627 0.915517
1.55 0.3 0.013265 0.0524481 0.934287
1.55 0.35 0.0190926 0.0394139 0.941494
1.55 0.4 0.0277026 0.0319234 0.940374
1.55 0.45 0.0395856 0.0279327 0.932482
1.55 0.5 0.0551441 0.0264024 0.918453
1.55 0.55 0.0747485 0.0268995 0.898352
1.55 0.6 0.0988554 0.0294159 0.871729

1.7 0.1 0.00485432 0.284412 0.710734
1.7 0.15 0.00557551 0.159888 0.834536
1.7 0.2 0.0064613 0.0936304 0.899908
1.7 0.25 0.007988 0.0574054 0.934607
1.7 0.3 0.0105272 0.037088 0.952385
1.7 0.35 0.0144937 0.025418 0.960088
1.7 0.4 0.0203325 0.0185918 0.961076
1.7 0.45 0.0284503 0.0145836 0.956966
1.7 0.5 0.0391675 0.0122994 0.948533
1.7 0.55 0.0527358 0.0111629 0.936101
1.7 0.6 0.0693337 0.010894 0.919772

1.85 0.1 0.00450792 0.265431 0.730061
1.85 0.15 0.00504483 0.143162 0.851793
1.85 0.2 0.00573743 0.0799591 0.914303
1.85 0.25 0.00697488 0.0464189 0.946606
1.85 0.3 0.00896703 0.028145 0.962888
1.85 0.35 0.011947 0.0179204 0.970133
1.85 0.4 0.0162154 0.0120556 0.971729
1.85 0.45 0.0220984 0.00862025 0.969281
1.85 0.5 0.0298791 0.00657861 0.963542
1.85 0.55 0.0398016 0.00537293 0.954825
1.85 0.6 0.0520562 0.00470413 0.94324

2 0.1 0.00422819 0.2506 0.745172
2 0.15 0.00462933 0.130628 0.864743
2 0.2 0.00519195 0.0702357 0.924572
2 0.25 0.0062622 0.0390518 0.954686
2 0.3 0.00795881 0.0225196 0.969522
2 0.35 0.010394 0.013525 0.976081
2 0.4 0.0137471 0.00850832 0.977745
2 0.45 0.0182443 0.00563845 0.976117
2 0.5 0.0241143 0.00395375 0.971932
2 0.55 0.031592 0.00294557 0.965462
2 0.6 0.0408861 0.00233998 0.956774

