0.5 0.1 0.0138418 0.110692 0.875466
0.5 0.15 0.0551171 0.0826817 0.862201
0.5 0.2 0.151222 0.102226 0.746552
0.5 0.25 0.381732 0.142016 0.476251
0.5 0.3 0.807548 0.0646923 0.12776
0.5 0.35 0.979153 0.00610542 0.0147412
0.5 0.4 0.998124 0.000374895 0.00150143
0.5 0.45 0.999793 2.18457e-05 0.00018541
0.5 0.5 0.999963 1.26513e-06 3.60692e-05
0.5 0.55 0.999987 7.32004e-08 1.31179e-05
0.5 0.6 0.999992 4.23464e-09 7.56936e-06

0.65 0.1 0.00417316 0.0424295 0.953397
0.65 0.15 0.0158765 0.015123 0.969
0.65 0.2 0.0450025 0.00891344 0.946084
0.65 0.25 0.094369 0.00868337 0.896948
0.65 0.3 0.165346 0.0131808 0.821473
0.65 0.35 0.266559 0.0279337 0.705507
0.65 0.4 0.447131 0.0611947 0.491674
0.65 0.45 0.788588 0.0475694 0.163843
0.65 0.5 0.973592 0.00583001 0.0205779
0.65 0.55 0.997569 0.000372566 0.00205812
0.65 0.6 0.999731 2.18202e-05 0.000247082

0.8 0.1 0.002509 0.0243851 0.973106
0.8 0.15 0.00720652 0.00541686 0.987377
0.8 0.2 0.0205308 0.00175439 0.977715
0.8 0.25 0.0458356 0.000883579 0.953281
0.8 0.3 0.0840537 0.000694606 0.915252
0.8 0.35 0.134877 0.000826775 0.864297
0.8 0.4 0.197701 0.00142249 0.800877
0.8 0.45 0.272741 0.0033415 0.723918
0.8 0.5 0.365344 0.00985914 0.624797
0.8 0.55 0.508316 0.0290666 0.462617
0.8 0.6 0.781133 0.0342051 0.184662

0.95 0.1 0.00195472 0.0171692 0.980876
0.95 0.15 0.00444797 0.00285458 0.992697
0.95 0.2 0.0111133 0.000616226 0.98827
0.95 0.25 0.0247994 0.000188369 0.975012
0.95 0.3 0.0471443 8.51461e-05 0.952771
0.95 0.35 0.078636 5.71693e-05 0.921307
0.95 0.4 0.119116 5.59831e-05 0.880828
0.95 0.45 0.168128 7.75983e-05 0.831794
0.95 0.5 0.225114 0.000146898 0.774739
0.95 0.55 0.289594 0.000365081 0.710041
0.95 0.6 0.361665 0.00113879 0.637196

1.1 0.1 0.00165257 0.0134913 0.984856
1.1 0.15 0.00338769 0.00186702 0.994745
1.1 0.2 0.00719402 0.000308697 0.992497
1.1 0.25 0.0149438 6.59607e-05 0.98499
1.1 0.3 0.0282926 1.93873e-05 0.971688
1.1 0.35 0.0481554 8.08341e-06 0.951836
1.1 0.4 0.0748458 4.80561e-06 0.925149
1.1 0.45 0.108309 4.02899e-06 0.891687
1.1 0.5 0.148289 4.66844e-06 0.851706
1.1 0.55 0.194433 7.29003e-06 0.80556
1.1 0.6 0.246345 1.49172e-05 0.75364

1.25 0.1 0.00144364 0.0113169 0.987239
1.25 0.15 0.00286102 0.00138449 0.995754
1.25 0.2 0.00543547 0.00019211 0.994372
1.25 0.25 0.0101851 3.20143e-05 0.989783
1.25 0.3 0.0184199 6.82289e-06 0.981573
1.25 0.35 0.031144 1.94647e-06 0.968854
1.25 0.4 0.0489289 7.60983e-07 0.95107
1.25 0.45 0.0720015 4.10048e-07 0.927998
1.25 0.5 0.100361 3.02626e-07 0.899639
1.25 0.55 0.133867 3.01738e-07 0.866133
1.25 0.6 0.172301 3.99129e-07 0.827699

1.4 0.1 0.00128553 0.00990078 0.988814
1.4 0.15 0.00252413 0.00110921 0.996367
1.4 0.2 0.00453881 0.000136739 0.995324
1.4 0.25 0.00779102 1.92295e-05 0.99219
1.4 0.3 0.0131582 3.24844e-06 0.986839
1.4 0.35 0.0215185 6.92239e-07 0.978481
1.4 0.4 0.0335218 1.92663e-07 0.966478
1.4 0.45 0.0495582 7.13809e-08 0.950442
1.4 0.5 0.0698056 3.54238e-08 0.930194
1.4 0.55 0.0942914 2.34762e-08 0.905709
1.4 0.6 0.122944 2.05866e-08 0.877056

1.55 0.1 0.00116065 0.00891443 0.989925
1.55 0.15 0.00227219 0.000934843 0.996793
1.55 0.2 0.00399605 0.000106016 0.995898
1.55 0.25 0.00649337 1.32717e-05 0.993493
1.55 0.3 0.010279 1.9029e-06 0.989719
1.55 0.35 0.0160094 3.26314e-07 0.98399
1.55 0.4 0.0242872 6.95553e-08 0.975713
1.55 0.45 0.0355588 1.89425e-08 0.964441
1.55 0.5 0.0501111 6.69962e-09 0.949889
1.55 0.55 0.0680902 3.09741e-09 0.93191
1.55 0.6 0.0895399 1.87063e-09 0.91046

1.7 0.1 0.00105927 0.00819283 0.990748
1.7 0.15 0.00206956 0.000816044 0.997114
1.7 0.2 0.00361134 8.69924e-05 0.996302
1.7 0.25 0.00570591 1.00364e-05 0.994284
1.7 0.3 0.00862372 1.28329e-06 0.991375
1.7 0.35 0.0127977 1.88012e-07 0.987202
1.7 0.4 0.0187099 3.27093e-08 0.98129
1.7 0.45 0.0267887 6.97136e-09 0.973211
1.7 0.5 0.0373554 1.86128e-09 0.962645
1.7 0.55 0.0506361 6.31783e-10 0.949364
1.7 0.6 0.0667536 2.74468e-10 0.933246

1.85 0.1 0.000975246 0.00764563 0.991379
1.85 0.15 0.00190103 0.000730711 0.997368
1.85 0.2 0.00330895 7.42477e-05 0.996617
1.85 0.25 0.00516318 8.07119e-06 0.994829
1.85 0.3 0.00759318 9.52153e-07 0.992406
1.85 0.35 0.0108563 1.24711e-07 0.989144
1.85 0.4 0.0152951 1.86715e-08 0.984705
1.85 0.45 0.021269 3.29303e-09 0.978731
1.85 0.5 0.0290821 7.0112e-10 0.970918
1.85 0.55 0.0389867 1.83754e-10 0.961013
1.85 0.6 0.0511704 6.01224e-11 0.94883

2 0.1 0.000904418 0.00721789 0.991878
2 0.15 0.00175818 0.000666757 0.997575
2 0.2 0.00305794 6.5211e-05 0.996877
2 0.25 0.00474736 6.77638e-06 0.995246
2 0.3 0.00688397 7.54137e-07 0.993115
2 0.35 0.00961016 9.12189e-08 0.99039
2 0.4 0.0131484 1.22586e-08 0.986852
2 0.45 0.0177605 1.87622e-09 0.982239
2 0.5 0.0236996 3.34601e-10 0.9763
2 0.55 0.0312142 7.10826e-11 0.968786
2 0.6 0.04052 1.83349e-11 0.95948

