0.5 0.1 0.998583 0.00113355 0.000283294
0.5 0.15 0.999308 0.00048506 0.000207434
0.5 0.2 0.999655 0.000207458 0.000137498
0.5 0.25 0.999824 8.87028e-05 8.74516e-05
0.5 0.3 0.999907 3.79201e-05 5.49876e-05
0.5 0.35 0.999949 1.62092e-05 3.48707e-05
0.5 0.4 0.99997 6.92837e-06 2.26519e-05
0.5 0.45 0.999982 2.96137e-06 1.52614e-05
0.5 0.5 0.999988 1.26575e-06 1.07593e-05
0.5 0.55 0.999991 5.41007e-07 7.97259e-06
0.5 0.6 0.999994 2.31236e-07 6.2074e-06

0.65 0.1 0.983145 0.0142435 0.00261189
0.65 0.15 0.992001 0.006147 0.00185214
0.65 0.2 0.996182 0.00264132 0.00117624
0.65 0.25 0.99816 0.00113229 0.000707844
0.65 0.3 0.999101 0.000484757 0.000414739
0.65 0.35 0.999552 0.000207383 0.000240579
0.65 0.4 0.999771 8.86835e-05 0.000139908
0.65 0.45 0.99988 3.79149e-05 8.2476e-05
0.65 0.5 0.999934 1.62077e-05 4.98133e-05
0.65 0.55 0.999962 6.92795e-06 3.11456e-05
0.65 0.6 0.999977 2.96123e-06 2.03481e-05

0.8 0.1 0.822916 0.153105 0.0239789
0.8 0.15 0.910962 0.0716783 0.0173594
0.8 0.2 0.956829 0.0321735 0.0109975
0.8 0.25 0.979385 0.0141147 0.00650024
0.8 0.3 0.990187 0.00611759 0.00369544
0.8 0.35 0.99531 0.00263454 0.00205579
0.8 0.4 0.997738 0.0011307 0.00113176
0.8 0.45 0.998894 0.000484375 0.000621866
0.8 0.5 0.999449 0.000207289 0.000343608
0.8 0.55 0.999719 8.86592e-05 0.000192348
0.8 0.6 0.999852 3.79084e-05 0.000109959

0.95 0.1 0.242256 0.621748 0.135996
0.95 0.15 0.438498 0.438801 0.122701
0.95 0.2 0.642618 0.267316 0.0900668
0.95 0.25 0.799901 0.142314 0.0577853
0.95 0.3 0.897054 0.0689047 0.0340409
0.95 0.35 0.949443 0.0315099 0.0190466
0.95 0.4 0.975695 0.013961 0.0103438
0.95 0.45 0.988391 0.00608225 0.00552717
0.95 0.5 0.994441 0.00262637 0.0029323
0.95 0.55 0.997316 0.00112878 0.00155485
0.95 0.6 0.998687 0.000483913 0.000828763

1.1 0.1 0.0270301 0.676589 0.296381
1.1 0.15 0.0628392 0.596948 0.340213
1.1 0.2 0.132954 0.53315 0.333896
1.1 0.25 0.254607 0.457233 0.28816
1.1 0.3 0.429116 0.352151 0.218732
1.1 0.35 0.621262 0.232096 0.146642
1.1 0.4 0.780275 0.131035 0.0886902
1.1 0.45 0.884239 0.065846 0.0499146
1.1 0.5 0.942361 0.0307559 0.0268826
1.1 0.55 0.972084 0.0137835 0.0141322
1.1 0.6 0.986614 0.00604113 0.00734469

1.25 0.1 0.00986649 0.582082 0.408052
1.25 0.15 0.0170869 0.482453 0.50046
1.25 0.2 0.0298798 0.423515 0.546605
1.25 0.25 0.0529979 0.391537 0.555465
1.25 0.3 0.0935021 0.375526 0.530972
1.25 0.35 0.162103 0.362871 0.475026
1.25 0.4 0.271981 0.336498 0.391522
1.25 0.45 0.427762 0.280764 0.291474
1.25 0.5 0.606479 0.199597 0.193924
1.25 0.55 0.763857 0.119657 0.116486
1.25 0.6 0.872548 0.0625759 0.0648765

1.4 0.1 0.00773998 0.510276 0.481984
1.4 0.15 0.0110322 0.390749 0.598219
1.4 0.2 0.0154629 0.315625 0.668912
1.4 0.25 0.0226428 0.269844 0.707513
1.4 0.3 0.0344302 0.244338 0.721232
1.4 0.35 0.0530991 0.233598 0.713303
1.4 0.4 0.0818118 0.233901 0.684287
1.4 0.45 0.125529 0.241506 0.632965
1.4 0.5 0.19216 0.250199 0.557641
1.4 0.55 0.292262 0.248746 0.458992
1.4 0.6 0.431978 0.223184 0.344838

1.55 0.1 0.00689416 0.459528 0.533578
1.55 0.15 0.00911968 0.329837 0.661043
1.55 0.2 0.0114695 0.247565 0.740965
1.55 0.25 0.0148311 0.195225 0.789944
1.55 0.3 0.0201278 0.162394 0.817478
1.55 0.35 0.0283108 0.142821 0.828868
1.55 0.4 0.0403798 0.132852 0.826769
1.55 0.45 0.0574657 0.130438 0.812096
1.55 0.5 0.0810785 0.134512 0.784409
1.55 0.55 0.113521 0.144411 0.742068
1.55 0.6 0.158606 0.159007 0.682387

1.7 0.1 0.00630948 0.422357 0.571334
1.7 0.15 0.00802334 0.287962 0.704015
1.7 0.2 0.00957464 0.203773 0.786653
1.7 0.25 0.0115868 0.15029 0.838123
1.7 0.3 0.0146269 0.116047 0.869326
1.7 0.35 0.0192581 0.094164 0.886578
1.7 0.4 0.0260483 0.0805205 0.893431
1.7 0.45 0.0355441 0.0726821 0.891774
1.7 0.5 0.0482711 0.0692462 0.882483
1.7 0.55 0.064823 0.0695214 0.865656
1.7 0.6 0.0859467 0.073308 0.840745

1.85 0.1 0.0058539 0.39418 0.599966
1.85 0.15 0.00724084 0.257836 0.734923
1.85 0.2 0.00837813 0.174048 0.817573
1.85 0.25 0.00979276 0.121669 0.868538
1.85 0.3 0.0118658 0.0884151 0.899719
1.85 0.35 0.0149476 0.0670313 0.918021
1.85 0.4 0.0194095 0.0532123 0.927378
1.85 0.45 0.0256253 0.0443779 0.929997
1.85 0.5 0.0339232 0.0389518 0.927125
1.85 0.55 0.0446172 0.0360062 0.919377
1.85 0.6 0.0580129 0.0350511 0.906936

2 0.1 0.00548464 0.372166 0.622349
2 0.15 0.00663754 0.235257 0.758105
2 0.2 0.00751542 0.152881 0.839604
2 0.25 0.00861383 0.10239 0.888996
2 0.3 0.0102147 0.0708506 0.918935
2 0.35 0.0125374 0.0508118 0.936651
2 0.4 0.0158191 0.0379172 0.946264
2 0.45 0.0203109 0.0295484 0.950141
2 0.5 0.0262518 0.0241045 0.949644
2 0.55 0.0338914 0.0206261 0.945482
2 0.6 0.0434625 0.0185474 0.93799

