0.5 0.1 0.00860793 0.0123791 0.979013
0.5 0.15 0.0406552 0.00435432 0.954991
0.5 0.2 0.105762 0.00392577 0.890312
0.5 0.25 0.204568 0.007975 0.787457
0.5 0.3 0.356445 0.0279422 0.615613
0.5 0.35 0.714362 0.0509242 0.234714
0.5 0.4 0.982125 0.00344915 0.0144259
0.5 0.45 0.999323 6.86805e-05 0.000608779
0.5 0.5 0.999948 1.26448e-06 5.06147e-05
0.5 0.55 0.999986 2.31744e-08 1.36681e-05
0.5 0.6 0.999992 4.24524e-10 7.59222e-06

0.65 0.1 0.00332691 0.00447029 0.992203
0.65 0.15 0.0148541 0.000600969 0.984545
0.65 0.2 0.0435383 0.00017251 0.956289
0.65 0.25 0.091639 0.000109646 0.908251
0.65 0.3 0.158317 0.000144685 0.841538
0.65 0.35 0.241941 0.000358639 0.7577
0.65 0.4 0.341788 0.00148476 0.656727
0.65 0.45 0.468302 0.0085542 0.523144
0.65 0.5 0.72416 0.0281897 0.24765
0.65 0.55 0.977498 0.00324934 0.0192524
0.65 0.6 0.999122 6.83866e-05 0.000810039

0.8 0.1 0.00213652 0.00254091 0.995323
0.8 0.15 0.00700299 0.000195665 0.992801
0.8 0.2 0.020377 2.56682e-05 0.979597
0.8 0.25 0.0456852 6.52162e-06 0.954308
0.8 0.3 0.0838544 3.27728e-06 0.916142
0.8 0.35 0.13451 3.13876e-06 0.865486
0.8 0.4 0.196778 5.38684e-06 0.803217
0.8 0.45 0.269645 1.54255e-05 0.73034
0.8 0.5 0.352151 6.8238e-05 0.647781
0.8 0.55 0.443897 0.000427615 0.555676
0.8 0.6 0.550822 0.00331373 0.445865

0.95 0.1 0.00170663 0.00178544 0.996508
0.95 0.15 0.00436953 9.96996e-05 0.995531
0.95 0.2 0.0110795 7.89173e-06 0.988913
0.95 0.25 0.0247799 1.03049e-06 0.975219
0.95 0.3 0.0471294 2.40375e-07 0.95287
0.95 0.35 0.0786206 1.01703e-07 0.921379
0.95 0.4 0.119094 7.63673e-08 0.880906
0.95 0.45 0.168085 9.77684e-08 0.831914
0.95 0.5 0.225005 2.03297e-07 0.774995
0.95 0.55 0.28923 6.51425e-07 0.710769
0.95 0.6 0.360151 3.0429e-06 0.639846

1.1 0.1 0.00145936 0.00140253 0.997138
1.1 0.15 0.00334242 6.44976e-05 0.996593
1.1 0.2 0.00718148 3.72147e-06 0.992815
1.1 0.25 0.0149392 3.06417e-07 0.98506
1.1 0.3 0.0282903 3.99832e-08 0.97171
1.1 0.35 0.048154 8.72713e-09 0.951846
1.1 0.4 0.0748446 3.22818e-09 0.925155
1.1 0.45 0.108307 1.99861e-09 0.891693
1.1 0.5 0.148287 2.01647e-09 0.851713
1.1 0.55 0.194428 3.20398e-09 0.805572
1.1 0.6 0.246333 7.71763e-09 0.753667

1.25 0.1 0.00128175 0.00117643 0.997542
1.25 0.15 0.00282877 4.76737e-05 0.997124
1.25 0.2 0.0054288 2.25738e-06 0.994569
1.25 0.25 0.0101834 1.36577e-07 0.989816
1.25 0.3 0.0184193 1.16813e-08 0.981581
1.25 0.35 0.0311438 1.52178e-09 0.968856
1.25 0.4 0.0489288 3.14256e-10 0.951071
1.25 0.45 0.0720014 1.0413e-10 0.927999
1.25 0.5 0.100361 5.50121e-11 0.899639
1.25 0.55 0.133867 4.55197e-11 0.866133
1.25 0.6 0.1723 5.75644e-11 0.8277

1.4 0.1 0.0011439 0.00102922 0.997827
1.4 0.15 0.00249858 3.81614e-05 0.997463
1.4 0.2 0.00453438 1.59064e-06 0.995464
1.4 0.25 0.00779015 7.86673e-08 0.99221
1.4 0.3 0.013158 5.00305e-09 0.986842
1.4 0.35 0.0215184 4.42049e-10 0.978482
1.4 0.4 0.0335217 5.73693e-11 0.966478
1.4 0.45 0.0495582 1.12871e-11 0.950442
1.4 0.5 0.0698055 3.40657e-12 0.930194
1.4 0.55 0.0942914 1.57365e-12 0.905709
1.4 0.6 0.122944 1.09978e-12 0.877056

1.55 0.1 0.00103314 0.000926685 0.99804
1.55 0.15 0.00225071 3.21556e-05 0.997717
1.55 0.2 0.00399271 1.22873e-06 0.996006
1.55 0.25 0.00649281 5.32523e-08 0.993507
1.55 0.3 0.0102788 2.76773e-09 0.989721
1.55 0.35 0.0160094 1.84429e-10 0.983991
1.55 0.4 0.0242872 1.67323e-11 0.975713
1.55 0.45 0.0355588 2.15846e-12 0.964441
1.55 0.5 0.0501111 4.06543e-13 0.949889
1.55 0.55 0.0680902 1.13105e-13 0.93191
1.55 0.6 0.0895399 4.65149e-14 0.91046

1.7 0.1 0.000942083 0.000851671 0.998206
1.7 0.15 0.00205082 2.80679e-05 0.997921
1.7 0.2 0.00360862 1.007e-06 0.99639
1.7 0.25 0.00570551 3.99346e-08 0.994294
1.7 0.3 0.00862366 1.81272e-09 0.991376
1.7 0.35 0.0127977 9.90488e-11 0.987202
1.7 0.4 0.0187099 6.8808e-12 0.98129
1.7 0.45 0.0267887 6.37574e-13 0.973211
1.7 0.5 0.0373554 8.15931e-14 0.962645
1.7 0.55 0.0506361 1.47648e-14 0.949364
1.7 0.6 0.0667536 3.821e-15 0.933246

1.85 0.1 0.000865893 0.000794787 0.998339
1.85 0.15 0.00188426 2.51326e-05 0.998091
1.85 0.2 0.00330663 8.59128e-07 0.996693
1.85 0.25 0.00516286 3.2006e-08 0.994837
1.85 0.3 0.00759313 1.32615e-09 0.992407
1.85 0.35 0.0108563 6.32235e-11 0.989144
1.85 0.4 0.0152951 3.62341e-12 0.984705
1.85 0.45 0.021269 2.61248e-13 0.978731
1.85 0.5 0.0290821 2.46015e-14 0.970918
1.85 0.55 0.0389867 3.11853e-15 0.961013
1.85 0.6 0.0511704 5.4394e-16 0.94883

2 0.1 0.000801194 0.00075032 0.998448
2 0.15 0.00174287 2.29329e-05 0.998234
2 0.2 0.00305591 7.54469e-07 0.996943
2 0.25 0.00474709 2.68362e-08 0.995253
2 0.3 0.00688393 1.04363e-09 0.993116
2 0.35 0.00961015 4.53353e-11 0.99039
2 0.4 0.0131484 2.27212e-12 0.986852
2 0.45 0.0177605 1.36329e-13 0.982239
2 0.5 0.0236996 1.0137e-14 0.9763
2 0.55 0.0312142 9.65987e-16 0.968786
2 0.6 0.04052 1.21435e-16 0.95948

