0.5 0.1 0.928158 0.0569896 0.0148525
0.5 0.15 0.977608 0.0156056 0.00678678
0.5 0.2 0.993112 0.00412427 0.00276337
0.5 0.25 0.997846 0.00107654 0.00107746
0.5 0.3 0.999302 0.000279785 0.000418128
0.5 0.35 0.999761 7.2601e-05 0.000166513
0.5 0.4 0.999911 1.88282e-05 7.02652e-05
0.5 0.45 0.999963 4.88182e-06 3.25502e-05
0.5 0.5 0.999982 1.26566e-06 1.70878e-05
0.5 0.55 0.999989 3.28122e-07 1.03141e-05
0.5 0.6 0.999993 8.50643e-08 7.0844e-06

0.65 0.1 0.195126 0.568977 0.235897
0.65 0.15 0.465613 0.364124 0.170262
0.65 0.2 0.749657 0.162929 0.087414
0.65 0.25 0.910064 0.0538478 0.0360878
0.65 0.3 0.971275 0.0152898 0.0134354
0.65 0.35 0.991088 0.00409378 0.00481801
0.65 0.4 0.997205 0.00107352 0.00172153
0.65 0.45 0.999094 0.000279469 0.000626843
0.65 0.5 0.99969 7.25649e-05 0.000237819
0.65 0.55 0.999885 1.88237e-05 9.66039e-05
0.65 0.6 0.999952 4.88116e-06 4.33978e-05

0.8 0.1 0.0157779 0.458154 0.526068
0.8 0.15 0.0419269 0.381389 0.576684
0.8 0.2 0.10293 0.352893 0.544177
0.8 0.25 0.231371 0.329795 0.438834
0.8 0.3 0.45889 0.257387 0.283723
0.8 0.35 0.722744 0.137156 0.1401
0.8 0.4 0.893999 0.0502404 0.0557604
0.8 0.45 0.965198 0.0149044 0.0198971
0.8 0.5 0.989093 0.00405574 0.00685086
0.8 0.55 0.996567 0.00106973 0.00236294
0.8 0.6 0.998886 0.000279071 0.000835203

0.95 0.1 0.00695244 0.329001 0.664047
0.95 0.15 0.0120492 0.224806 0.763144
0.95 0.2 0.023819 0.17619 0.799991
0.95 0.25 0.0468435 0.158544 0.794612
0.95 0.3 0.0869555 0.161251 0.751793
0.95 0.35 0.154786 0.17809 0.667125
0.95 0.4 0.271883 0.195808 0.532309
0.95 0.45 0.465443 0.180839 0.353718
0.95 0.5 0.704869 0.113474 0.181658
0.95 0.55 0.880032 0.0463489 0.0736192
0.95 0.6 0.959414 0.0144577 0.0261284

1.1 0.1 0.00528759 0.258994 0.735718
1.1 0.15 0.00715497 0.150482 0.842363
1.1 0.2 0.0114861 0.0977417 0.890772
1.1 0.25 0.0204631 0.0720026 0.907534
1.1 0.3 0.0359682 0.0605642 0.903468
1.1 0.35 0.0595964 0.0580569 0.882347
1.1 0.4 0.093231 0.062778 0.843991
1.1 0.45 0.140301 0.0750391 0.78466
1.1 0.5 0.208368 0.0954713 0.69616
1.1 0.55 0.313617 0.119803 0.56658
1.1 0.6 0.479542 0.127437 0.393022

1.25 0.1 0.00447553 0.217281 0.778243
1.25 0.15 0.0054632 0.112229 0.882308
1.25 0.2 0.00766858 0.063186 0.929145
1.25 0.25 0.0123521 0.0393991 0.948249
1.25 0.3 0.0207789 0.027573 0.951648
1.25 0.35 0.0339552 0.0218228 0.944222
1.25 0.4 0.0525674 0.0195615 0.927871
1.25 0.45 0.0771198 0.0197854 0.903095
1.25 0.5 0.108195 0.0224004 0.869404
1.25 0.55 0.146903 0.0280367 0.82506
1.25 0.6 0.195779 0.038054 0.766167

1.4 0.1 0.00393967 0.190089 0.805971
1.4 0.15 0.00457748 0.0900341 0.905388
1.4 0.2 0.00601829 0.0456171 0.948365
1.4 0.25 0.00893855 0.025049 0.966012
1.4 0.3 0.0141565 0.0151211 0.970722
1.4 0.35 0.0224841 0.0101542 0.967362
1.4 0.4 0.0345468 0.00764086 0.957812
1.4 0.45 0.0507464 0.0064593 0.942794
1.4 0.5 0.0713084 0.00612601 0.922566
1.4 0.55 0.0963646 0.00648952 0.897146
1.4 0.6 0.126058 0.00762713 0.866314

1.55 0.1 0.00355072 0.171151 0.825298
1.55 0.15 0.00399909 0.0759002 0.920101
1.55 0.2 0.00511453 0.0355451 0.95934
1.55 0.25 0.00723558 0.0177407 0.975024
1.55 0.3 0.0108158 0.00955287 0.979631
1.55 0.35 0.0164396 0.00561962 0.977941
1.55 0.4 0.0246675 0.00364935 0.971683
1.55 0.45 0.0359275 0.00263363 0.961439
1.55 0.5 0.0505018 0.00211855 0.94738
1.55 0.55 0.0685425 0.00189932 0.929558
1.55 0.6 0.0901113 0.00189277 0.907996

1.7 0.1 0.00325435 0.1573 0.839446
1.7 0.15 0.00357759 0.0662562 0.930166
1.7 0.2 0.00452197 0.0292147 0.966263
1.7 0.25 0.00625097 0.0135655 0.980184
1.7 0.3 0.00896749 0.00669461 0.984338
1.7 0.35 0.0130332 0.00355003 0.983417
1.7 0.4 0.0188867 0.00204515 0.979068
1.7 0.45 0.0269343 0.00129185 0.971774
1.7 0.5 0.0374864 0.000900046 0.961614
1.7 0.55 0.0507649 0.000693961 0.948541
1.7 0.6 0.066892 0.000592494 0.932516

1.85 0.1 0.00302099 0.146798 0.850181
1.85 0.15 0.00325214 0.0593269 0.937421
1.85 0.2 0.00408458 0.024947 0.970968
1.85 0.25 0.00559632 0.0109581 0.983446
1.85 0.3 0.00784139 0.00505967 0.987099
1.85 0.35 0.011007 0.0024761 0.986517
1.85 0.4 0.0153938 0.00129712 0.983309
1.85 0.45 0.0213394 0.000734689 0.977926
1.85 0.5 0.0291368 0.000453328 0.97041
1.85 0.55 0.0390329 0.00030642 0.960661
1.85 0.6 0.0512131 0.000227752 0.948559

2 0.1 0.00283225 0.138592 0.858576
2 0.15 0.00299147 0.0541337 0.942875
2 0.2 0.00373895 0.0219137 0.974347
2 0.25 0.0051094 0.00921587 0.985675
2 0.3 0.00707804 0.00404121 0.988881
2 0.35 0.00971811 0.0018587 0.988423
2 0.4 0.013212 0.000904224 0.985884
2 0.45 0.0178008 0.000469434 0.98173
2 0.5 0.023727 0.00026204 0.976011
2 0.55 0.0312345 0.000158395 0.968607
2 0.6 0.0405362 0.000104328 0.959359

