0.5 0.1 0.0110363 0.0627811 0.926183
0.5 0.15 0.046457 0.0389505 0.914592
0.5 0.2 0.122418 0.045968 0.831614
0.5 0.25 0.271667 0.0827727 0.64556
0.5 0.3 0.629657 0.0944817 0.275862
0.5 0.35 0.951787 0.0136495 0.0345635
0.5 0.4 0.996592 0.000677966 0.00272962
0.5 0.45 0.999716 2.94673e-05 0.000254172
0.5 0.5 0.999959 1.26498e-06 3.98643e-05
0.5 0.55 0.999987 5.4226e-08 1.33266e-05
0.5 0.6 0.999992 2.32397e-09 7.58083e-06

0.65 0.1 0.00374631 0.023597 0.972657
0.65 0.15 0.0152654 0.00652634 0.978208
0.65 0.2 0.0440385 0.00319091 0.952771
0.65 0.25 0.0924808 0.00278595 0.904733
0.65 0.3 0.160403 0.00410237 0.835494
0.65 0.35 0.249436 0.00929367 0.74127
0.65 0.4 0.378054 0.0272528 0.594693
0.65 0.45 0.641691 0.0525953 0.305713
0.65 0.5 0.940898 0.0122796 0.046822
0.65 0.55 0.995598 0.000670288 0.00373206
0.65 0.6 0.999632 2.94182e-05 0.000338633

0.8 0.1 0.00232359 0.0135182 0.984158
0.8 0.15 0.0070839 0.0022781 0.990638
0.8 0.2 0.0204265 0.00058288 0.978991
0.8 0.25 0.0457261 0.00024558 0.954028
0.8 0.3 0.0839029 0.000171802 0.915925
0.8 0.35 0.134595 0.000193272 0.865212
0.8 0.4 0.19699 0.00033262 0.802677
0.8 0.45 0.270393 0.000825833 0.728781
0.8 0.5 0.355662 0.00275707 0.641581
0.8 0.55 0.464276 0.0108976 0.524827
0.8 0.6 0.664148 0.0300383 0.305814

0.95 0.1 0.00183146 0.00951266 0.988656
0.95 0.15 0.00440055 0.00118988 0.99441
0.95 0.2 0.01109 0.000197715 0.988712
0.95 0.25 0.0247849 4.84107e-05 0.975167
0.95 0.3 0.0471326 1.84139e-05 0.952849
0.95 0.35 0.0786235 1.09604e-05 0.921366
0.95 0.4 0.119098 1.00148e-05 0.880892
0.95 0.45 0.168093 1.35973e-05 0.831894
0.95 0.5 0.225024 2.63819e-05 0.774949
0.95 0.55 0.289299 7.00939e-05 0.710631
0.95 0.6 0.36047 0.000243485 0.639286

1.1 0.1 0.00155659 0.00747427 0.990969
1.1 0.15 0.00336029 0.000775995 0.995864
1.1 0.2 0.00718533 9.74929e-05 0.992717
1.1 0.25 0.0149403 1.62437e-05 0.985043
1.1 0.3 0.0282908 3.86292e-06 0.971705
1.1 0.35 0.0481542 1.3604e-06 0.951844
1.1 0.4 0.0748448 7.14603e-07 0.925155
1.1 0.45 0.108308 5.53557e-07 0.891692
1.1 0.5 0.148287 6.18667e-07 0.851712
1.1 0.55 0.194429 9.70473e-07 0.80557
1.1 0.6 0.246335 2.07218e-06 0.753663

1.25 0.1 0.00136322 0.00626958 0.992367
1.25 0.15 0.00284149 0.000574954 0.996584
1.25 0.2 0.00543084 6.02679e-05 0.994509
1.25 0.25 0.0101838 7.71068e-06 0.989808
1.25 0.3 0.0184194 1.29503e-06 0.981579
1.25 0.35 0.0311438 3.01129e-07 0.968856
1.25 0.4 0.0489288 9.96709e-08 0.951071
1.25 0.45 0.0720014 4.73087e-08 0.927999
1.25 0.5 0.100361 3.1999e-08 0.899639
1.25 0.55 0.133867 3.03903e-08 0.866133
1.25 0.6 0.172301 3.97305e-08 0.827699

1.4 0.1 0.00121517 0.00548505 0.9933
1.4 0.15 0.00250866 0.00046053 0.997031
1.4 0.2 0.00453573 4.27845e-05 0.995421
1.4 0.25 0.00779036 4.58106e-06 0.992205
1.4 0.3 0.0131581 5.99784e-07 0.986841
1.4 0.35 0.0215184 1.01586e-07 0.978481
1.4 0.4 0.0335217 2.31708e-08 0.966478
1.4 0.45 0.0495582 7.27809e-09 0.950442
1.4 0.5 0.0698055 3.1724e-09 0.930194
1.4 0.55 0.0942914 1.91352e-09 0.905709
1.4 0.6 0.122944 1.58153e-09 0.877056

1.55 0.1 0.0010973 0.00493861 0.993964
1.55 0.15 0.00225918 0.000388113 0.997353
1.55 0.2 0.00399373 3.31397e-05 0.995973
1.55 0.25 0.00649294 3.14578e-06 0.993504
1.55 0.3 0.0102789 3.46141e-07 0.989721
1.55 0.35 0.0160094 4.63855e-08 0.983991
1.55 0.4 0.0242872 7.91229e-09 0.975713
1.55 0.45 0.0355588 1.77318e-09 0.964441
1.55 0.5 0.0501111 5.32081e-10 0.949889
1.55 0.55 0.0680902 2.15469e-10 0.93191
1.55 0.6 0.0895399 1.17718e-10 0.91046

1.7 0.1 0.00100105 0.00453884 0.99446
1.7 0.15 0.00205821 0.000338787 0.997603
1.7 0.2 0.00360945 2.71844e-05 0.996363
1.7 0.25 0.0057056 2.37372e-06 0.994292
1.7 0.3 0.00862367 2.31659e-07 0.991376
1.7 0.35 0.0127977 2.62402e-08 0.987202
1.7 0.4 0.0187099 3.5929e-09 0.98129
1.7 0.45 0.0267887 6.16199e-10 0.973211
1.7 0.5 0.0373554 1.358e-10 0.962645
1.7 0.55 0.0506361 3.91194e-11 0.949364
1.7 0.6 0.0667536 1.48466e-11 0.933246

1.85 0.1 0.00092092 0.00423569 0.994843
1.85 0.15 0.00189087 0.00030336 0.997806
1.85 0.2 0.00330733 2.31994e-05 0.996669
1.85 0.25 0.00516294 1.90724e-06 0.994835
1.85 0.3 0.00759314 1.71251e-07 0.992407
1.85 0.35 0.0108563 1.72319e-08 0.989144
1.85 0.4 0.0152951 2.00824e-09 0.984705
1.85 0.45 0.021269 2.80472e-10 0.978731
1.85 0.5 0.0290821 4.82683e-11 0.970918
1.85 0.55 0.0389867 1.04668e-11 0.961013
1.85 0.6 0.0511704 2.90633e-12 0.94883

2 0.1 0.000853139 0.00399871 0.995148
2 0.15 0.00174891 0.000276809 0.997974
2 0.2 0.00305653 2.03751e-05 0.996923
2 0.25 0.00474715 1.60073e-06 0.995251
2 0.3 0.00688394 1.35409e-07 0.993116
2 0.35 0.00961015 1.2539e-08 0.99039
2 0.4 0.0131484 1.30278e-09 0.986852
2 0.45 0.0177605 1.56179e-10 0.982239
2 0.5 0.0236996 2.21696e-11 0.9763
2 0.55 0.0312142 3.8209e-12 0.968786
2 0.6 0.04052 8.17055e-13 0.95948

