0.5 0.1 0.995312 0.00374908 0.000939413
0.5 0.15 0.998023 0.00138369 0.000593228
0.5 0.2 0.999151 0.000509845 0.000339275
0.5 0.25 0.999626 0.000187711 0.000186511
0.5 0.3 0.999829 6.90818e-05 0.000101745
0.5 0.35 0.999918 2.54186e-05 5.6364e-05
0.5 0.4 0.999958 9.35184e-06 3.23475e-05
0.5 0.45 0.999977 3.44051e-06 1.95745e-05
0.5 0.5 0.999986 1.26573e-06 1.26579e-05
0.5 0.55 0.999991 4.65643e-07 8.80152e-06
0.5 0.6 0.999993 1.71303e-07 6.56699e-06

0.65 0.1 0.917758 0.0691171 0.0131246
0.65 0.15 0.965139 0.0266908 0.00816974
0.65 0.2 0.985449 0.010045 0.00450608
0.65 0.25 0.993921 0.00373526 0.00234421
0.65 0.3 0.997433 0.0013812 0.00118539
0.65 0.35 0.998897 0.000509384 0.000593466
0.65 0.4 0.999514 0.000187621 0.000298347
0.65 0.45 0.999778 6.90636e-05 0.000152598
0.65 0.5 0.999894 2.54147e-05 8.05142e-05
0.65 0.55 0.999946 9.35093e-06 4.44759e-05
0.65 0.6 0.99997 3.44029e-06 2.60987e-05

0.8 0.1 0.345643 0.530064 0.124293
0.8 0.15 0.588577 0.315476 0.0959474
0.8 0.2 0.78603 0.154736 0.0592345
0.8 0.25 0.901812 0.066102 0.0320861
0.8 0.3 0.957694 0.0261372 0.0161692
0.8 0.35 0.982206 0.00994684 0.00784706
0.8 0.4 0.99254 0.00371787 0.00374202
0.8 0.45 0.996846 0.00137807 0.00177608
0.8 0.5 0.998644 0.000508803 0.000847328
0.8 0.55 0.999402 0.000187509 0.000410107
0.8 0.6 0.999728 6.90407e-05 0.000203432

0.95 0.1 0.0312105 0.63326 0.335529
0.95 0.15 0.0790264 0.55306 0.367914
0.95 0.2 0.177329 0.484631 0.33804
0.95 0.25 0.346935 0.389344 0.263721
0.95 0.3 0.566512 0.259868 0.17362
0.95 0.35 0.76257 0.139184 0.0982467
0.95 0.4 0.887292 0.0627097 0.0499982
0.95 0.45 0.950559 0.0254897 0.0239515
0.95 0.5 0.979026 0.0098299 0.0111441
0.95 0.55 0.991172 0.00369699 0.00513084
0.95 0.6 0.996261 0.00137429 0.00236488

1.1 0.1 0.00968094 0.5155 0.474819
1.1 0.15 0.0175729 0.414318 0.568109
1.1 0.2 0.033106 0.360282 0.606612
1.1 0.25 0.0625811 0.335959 0.60146
1.1 0.3 0.115785 0.327911 0.556304
1.1 0.35 0.208328 0.319072 0.4726
1.1 0.4 0.357215 0.285012 0.357772
1.1 0.45 0.554284 0.211545 0.234171
1.1 0.5 0.744005 0.12376 0.132235
1.1 0.55 0.874246 0.0590516 0.0667029
1.1 0.6 0.943766 0.0247598 0.0314746

1.25 0.1 0.00723838 0.433558 0.559204
1.25 0.15 0.0102056 0.313019 0.676775
1.25 0.2 0.0149976 0.242913 0.742089
1.25 0.25 0.0236688 0.20366 0.772671
1.25 0.3 0.038449 0.1846 0.776951
1.25 0.35 0.0620164 0.179993 0.757991
1.25 0.4 0.0983105 0.186442 0.715248
1.25 0.45 0.154084 0.200247 0.645669
1.25 0.5 0.24083 0.213318 0.545853
1.25 0.55 0.372833 0.209094 0.418073
1.25 0.6 0.54933 0.170957 0.279713

1.4 0.1 0.00629189 0.379378 0.61433
1.4 0.15 0.00802574 0.251608 0.740366
1.4 0.2 0.0102765 0.177019 0.812704
1.4 0.25 0.0141644 0.133091 0.852745
1.4 0.3 0.02082 0.107552 0.871628
1.4 0.35 0.0313307 0.0937111 0.874958
1.4 0.4 0.0467487 0.088029 0.865222
1.4 0.45 0.0682592 0.0888363 0.842905
1.4 0.5 0.0975421 0.095592 0.806866
1.4 0.55 0.137449 0.108247 0.754303
1.4 0.6 0.193179 0.126101 0.68072

1.55 0.1 0.00566322 0.341588 0.652748
1.55 0.15 0.00686804 0.212166 0.780966
1.55 0.2 0.00823239 0.138268 0.8535
1.55 0.25 0.010471 0.0951601 0.894369
1.55 0.3 0.0142701 0.0696312 0.916099
1.55 0.35 0.0203179 0.0544754 0.925207
1.55 0.4 0.0292501 0.0457416 0.925008
1.55 0.45 0.0416104 0.0412843 0.917105
1.55 0.5 0.0578932 0.0400218 0.902085
1.55 0.55 0.0786284 0.0415514 0.87982
1.55 0.6 0.104557 0.0459631 0.84948

1.7 0.1 0.00519069 0.313948 0.680861
1.7 0.15 0.00608463 0.185206 0.80871
1.7 0.2 0.0070463 0.113711 0.879243
1.7 0.25 0.00859854 0.0730176 0.918384
1.7 0.3 0.0111564 0.0493334 0.93951
1.7 0.35 0.0151588 0.0352792 0.949562
1.7 0.4 0.0210643 0.0268447 0.952091
1.7 0.45 0.0292905 0.0218236 0.948886
1.7 0.5 0.0401738 0.0189925 0.940834
1.7 0.55 0.0539934 0.0177019 0.928305
1.7 0.6 0.0709746 0.0176496 0.911376

1.85 0.1 0.00481983 0.292998 0.702182
1.85 0.15 0.00550199 0.16583 0.828668
1.85 0.2 0.0062357 0.0971092 0.896655
1.85 0.25 0.00745769 0.0590557 0.933487
1.85 0.3 0.00941867 0.0374676 0.953114
1.85 0.35 0.0123733 0.0249233 0.962703
1.85 0.4 0.0166312 0.0174783 0.96589
1.85 0.45 0.0225217 0.0129909 0.964487
1.85 0.5 0.0303297 0.01027 0.9594
1.85 0.55 0.0403035 0.00865498 0.951042
1.85 0.6 0.0526416 0.00778557 0.939573

2 0.1 0.00452017 0.276629 0.718851
2 0.15 0.00504727 0.15131 0.843642
2 0.2 0.00563034 0.0852997 0.90907
2 0.25 0.00666586 0.049686 0.943648
2 0.3 0.00831178 0.0299886 0.9617
2 0.35 0.0107003 0.0188286 0.970471
2 0.4 0.0140183 0.0123624 0.973619
2 0.45 0.0184931 0.00853217 0.972975
2 0.5 0.0243521 0.00621427 0.969434
2 0.55 0.0318298 0.0047935 0.963377
2 0.6 0.0411354 0.00392853 0.954936

