0.5 0.1 0.0107383 0.05709 0.932172
0.5 0.15 0.0456276 0.0342938 0.920079
0.5 0.2 0.119833 0.0399718 0.840195
0.5 0.25 0.261249 0.073651 0.6651
0.5 0.3 0.600189 0.0954277 0.304383
0.5 0.35 0.944881 0.0154656 0.0396535
0.5 0.4 0.996237 0.000747953 0.00301457
0.5 0.45 0.999701 3.09737e-05 0.000267768
0.5 0.5 0.999958 1.26496e-06 4.04968e-05
0.5 0.55 0.999987 5.15811e-08 1.33557e-05
0.5 0.6 0.999992 2.10281e-09 7.58215e-06

0.65 0.1 0.00369741 0.021398 0.974905
0.65 0.15 0.0152056 0.00567265 0.979122
0.65 0.2 0.0439548 0.00268816 0.953357
0.65 0.25 0.0923285 0.00230392 0.905368
0.65 0.3 0.160015 0.0033725 0.836612
0.65 0.35 0.248067 0.00769806 0.744235
0.65 0.4 0.371897 0.0233137 0.604789
0.65 0.45 0.620389 0.0506442 0.328967
0.65 0.5 0.932977 0.0137083 0.0533151
0.65 0.55 0.995142 0.0007386 0.00411921
0.65 0.6 0.999612 3.0919e-05 0.000356731

0.8 0.1 0.002302 0.0122523 0.985446
0.8 0.15 0.00707198 0.00197183 0.990956
0.8 0.2 0.0204178 0.000485077 0.979097
0.8 0.25 0.045718 0.000198383 0.954084
0.8 0.3 0.0838926 0.00013611 0.915971
0.8 0.35 0.134576 0.00015168 0.865272
0.8 0.4 0.196944 0.000261015 0.802795
0.8 0.45 0.270234 0.000653697 0.729113
0.8 0.5 0.354957 0.00222204 0.642821
0.8 0.55 0.460583 0.00910362 0.530314
0.8 0.6 0.648869 0.0279197 0.323212

0.95 0.1 0.00181708 0.00862108 0.989562
0.95 0.15 0.00439595 0.0010284 0.994576
0.95 0.2 0.0110881 0.000163589 0.988748
0.95 0.25 0.0247838 3.86007e-05 0.975178
0.95 0.3 0.0471319 1.42662e-05 0.952854
0.95 0.35 0.0786228 8.3228e-06 0.921369
0.95 0.4 0.119097 7.51746e-06 0.880895
0.95 0.45 0.168091 1.01714e-05 0.831899
0.95 0.5 0.225019 1.98156e-05 0.774961
0.95 0.55 0.289282 5.3233e-05 0.710664
0.95 0.6 0.360397 0.000188195 0.639415

1.1 0.1 0.00154539 0.00677365 0.991681
1.1 0.15 0.00335764 0.000670365 0.995972
1.1 0.2 0.00718463 8.04537e-05 0.992735
1.1 0.25 0.0149401 1.28603e-05 0.985047
1.1 0.3 0.0282906 2.95222e-06 0.971706
1.1 0.35 0.0481542 1.01083e-06 0.951845
1.1 0.4 0.0748447 5.20137e-07 0.925155
1.1 0.45 0.108307 3.9764e-07 0.891692
1.1 0.5 0.148287 4.41744e-07 0.851712
1.1 0.55 0.194428 6.93466e-07 0.805571
1.1 0.6 0.246334 1.49124e-06 0.753664

1.25 0.1 0.00135383 0.00568188 0.992964
1.25 0.15 0.0028396 0.000496619 0.996664
1.25 0.2 0.00543046 4.96793e-05 0.99452
1.25 0.25 0.0101838 6.08206e-06 0.98981
1.25 0.3 0.0184194 9.81742e-07 0.98158
1.25 0.35 0.0311438 2.20633e-07 0.968856
1.25 0.4 0.0489288 7.10287e-08 0.951071
1.25 0.45 0.0720014 3.30085e-08 0.927999
1.25 0.5 0.100361 2.20044e-08 0.899639
1.25 0.55 0.133867 2.07294e-08 0.866133
1.25 0.6 0.172301 2.70474e-08 0.827699

1.4 0.1 0.00120696 0.00497088 0.993822
1.4 0.15 0.00250716 0.00039777 0.997095
1.4 0.2 0.00453549 3.52521e-05 0.995429
1.4 0.25 0.00779031 3.60689e-06 0.992206
1.4 0.3 0.013158 4.526e-07 0.986842
1.4 0.35 0.0215184 7.37785e-08 0.978481
1.4 0.4 0.0335217 1.62791e-08 0.966478
1.4 0.45 0.0495582 4.97458e-09 0.950442
1.4 0.5 0.0698055 2.12196e-09 0.930194
1.4 0.55 0.0942914 1.25999e-09 0.905709
1.4 0.6 0.122944 1.03116e-09 0.877056

1.55 0.1 0.00108991 0.00447567 0.994434
1.55 0.15 0.00225792 0.000335219 0.997407
1.55 0.2 0.00399354 2.7301e-05 0.995979
1.55 0.25 0.00649291 2.47474e-06 0.993505
1.55 0.3 0.0102789 2.60551e-07 0.989721
1.55 0.35 0.0160094 3.35099e-08 0.983991
1.55 0.4 0.0242872 5.50762e-09 0.975713
1.55 0.45 0.0355588 1.19483e-09 0.964441
1.55 0.5 0.0501111 3.48845e-10 0.949889
1.55 0.55 0.0680902 1.38182e-10 0.93191
1.55 0.6 0.0895399 7.42422e-11 0.91046

1.7 0.1 0.000994258 0.00411337 0.994892
1.7 0.15 0.00205711 0.000292615 0.99765
1.7 0.2 0.0036093 2.23937e-05 0.996368
1.7 0.25 0.00570558 1.86669e-06 0.994293
1.7 0.3 0.00862367 1.74155e-07 0.991376
1.7 0.35 0.0127977 1.88987e-08 0.987202
1.7 0.4 0.0187099 2.48642e-09 0.98129
1.7 0.45 0.0267887 4.11265e-10 0.973211
1.7 0.5 0.0373554 8.77839e-11 0.962645
1.7 0.55 0.0506361 2.46054e-11 0.949364
1.7 0.6 0.0667536 9.13026e-12 0.933246

1.85 0.1 0.000914581 0.00383864 0.995247
1.85 0.15 0.00188989 0.000262016 0.997848
1.85 0.2 0.00330721 1.91106e-05 0.996674
1.85 0.25 0.00516292 1.49963e-06 0.994836
1.85 0.3 0.00759314 1.28663e-07 0.992407
1.85 0.35 0.0108563 1.239e-08 0.989144
1.85 0.4 0.0152951 1.38491e-09 0.984705
1.85 0.45 0.021269 1.86039e-10 0.978731
1.85 0.5 0.0290821 3.09011e-11 0.970918
1.85 0.55 0.0389867 6.49248e-12 0.961013
1.85 0.6 0.0511704 1.75413e-12 0.94883

2 0.1 0.000847155 0.00362387 0.995529
2 0.15 0.00174801 0.000239083 0.998013
2 0.2 0.00305642 1.6784e-05 0.996927
2 0.25 0.00474714 1.25855e-06 0.995252
2 0.3 0.00688394 1.01706e-07 0.993116
2 0.35 0.00961015 9.00796e-09 0.99039
2 0.4 0.0131484 8.96625e-10 0.986852
2 0.45 0.0177605 1.032e-10 0.982239
2 0.5 0.0236996 1.41025e-11 0.9763
2 0.55 0.0312142 2.34728e-12 0.968786
2 0.6 0.04052 4.86497e-13 0.95948

