0.5 0.1 0.00951036 0.0322251 0.958265
0.5 0.15 0.0424992 0.0158813 0.941619
0.5 0.2 0.110579 0.0169519 0.872469
0.5 0.25 0.223809 0.033713 0.742478
0.5 0.3 0.458891 0.0767107 0.464399
0.5 0.35 0.883829 0.0298701 0.0863011
0.5 0.4 0.993202 0.00134243 0.00545569
0.5 0.45 0.999593 4.17666e-05 0.000365245
0.5 0.5 0.999954 1.26479e-06 4.42915e-05
0.5 0.55 0.999986 3.82106e-08 1.35027e-05
0.5 0.6 0.999992 1.15402e-09 7.58785e-06

0.65 0.1 0.0034882 0.0118961 0.984616
0.65 0.15 0.0149813 0.00244516 0.982574
0.65 0.2 0.0436683 0.000960272 0.955371
0.65 0.25 0.0918352 0.000735969 0.907429
0.65 0.3 0.158784 0.0010374 0.840179
0.65 0.35 0.243663 0.00245489 0.753882
0.65 0.4 0.350954 0.00860288 0.640443
0.65 0.45 0.527139 0.0315423 0.441319
0.65 0.5 0.868039 0.02328 0.108681
0.65 0.55 0.991271 0.00131219 0.00741691
0.65 0.6 0.999472 4.1663e-05 0.000486424

0.8 0.1 0.00220895 0.00679217 0.990999
0.8 0.15 0.00702757 0.000829138 0.992143
0.8 0.2 0.0203891 0.000161128 0.97945
0.8 0.25 0.0456935 5.51238e-05 0.954251
0.8 0.3 0.0838631 3.36526e-05 0.916103
0.8 0.35 0.134525 3.54324e-05 0.86544
0.8 0.4 0.196814 6.09201e-05 0.803125
0.8 0.45 0.269778 0.000160526 0.730061
0.8 0.5 0.352844 0.000604194 0.646551
0.8 0.55 0.448586 0.00296237 0.548451
0.8 0.6 0.586286 0.0146089 0.399105

0.95 0.1 0.00175501 0.00477668 0.993468
0.95 0.15 0.00437889 0.000428661 0.995192
0.95 0.2 0.011082 5.24854e-05 0.988866
0.95 0.25 0.0247809 9.92006e-06 0.975209
0.95 0.3 0.0471299 3.08516e-06 0.952867
0.95 0.35 0.078621 1.59559e-06 0.921377
0.95 0.4 0.119095 1.34473e-06 0.880904
0.95 0.45 0.168086 1.78214e-06 0.831912
0.95 0.5 0.225007 3.55785e-06 0.774989
0.95 0.55 0.289239 1.02117e-05 0.71075
0.95 0.6 0.3602 4.00896e-05 0.63976

1.1 0.1 0.00149704 0.00375277 0.99475
1.1 0.15 0.0033478 0.000278627 0.996374
1.1 0.2 0.00718237 2.54088e-05 0.992792
1.1 0.25 0.0149394 3.16702e-06 0.985057
1.1 0.3 0.0282904 5.8823e-07 0.971709
1.1 0.35 0.048154 1.70119e-07 0.951846
1.1 0.4 0.0748446 7.73451e-08 0.925155
1.1 0.45 0.108307 5.46329e-08 0.891693
1.1 0.5 0.148287 5.85402e-08 0.851713
1.1 0.55 0.194428 9.23156e-08 0.805572
1.1 0.6 0.246333 2.07145e-07 0.753667

1.25 0.1 0.00131332 0.00314786 0.995539
1.25 0.15 0.0028326 0.000206238 0.996961
1.25 0.2 0.00542927 1.55852e-05 0.994555
1.25 0.25 0.0101835 1.46487e-06 0.989815
1.25 0.3 0.0184193 1.86341e-07 0.98158
1.25 0.35 0.0311438 3.41331e-08 0.968856
1.25 0.4 0.0489288 9.30309e-09 0.951071
1.25 0.45 0.0720014 3.8083e-09 0.927999
1.25 0.5 0.100361 2.3267e-09 0.899639
1.25 0.55 0.133867 2.08781e-09 0.866133
1.25 0.6 0.1723 2.69238e-09 0.8277

1.4 0.1 0.00117152 0.00275396 0.996075
1.4 0.15 0.00250161 0.00016515 0.997333
1.4 0.2 0.00453469 1.10301e-05 0.995454
1.4 0.25 0.00779019 8.59272e-07 0.992209
1.4 0.3 0.013158 8.3567e-08 0.986842
1.4 0.35 0.0215184 1.0827e-08 0.978482
1.4 0.4 0.0335217 1.95783e-09 0.966478
1.4 0.45 0.0495582 5.07215e-10 0.950442
1.4 0.5 0.0698055 1.90033e-10 0.930194
1.4 0.55 0.0942914 1.027e-10 0.905709
1.4 0.6 0.122944 7.92171e-11 0.877056

1.55 0.1 0.001058 0.0024796 0.996462
1.55 0.15 0.00225326 0.000139172 0.997608
1.55 0.2 0.00399294 8.53412e-06 0.995999
1.55 0.25 0.00649283 5.86587e-07 0.993507
1.55 0.3 0.0102788 4.73947e-08 0.989721
1.55 0.35 0.0160094 4.76342e-09 0.983991
1.55 0.4 0.0242872 6.26521e-10 0.975713
1.55 0.45 0.0355588 1.11846e-10 0.964441
1.55 0.5 0.0501111 2.77051e-11 0.949889
1.55 0.55 0.0680902 9.61251e-12 0.93191
1.55 0.6 0.0895399 4.67201e-12 0.91046

1.7 0.1 0.000964935 0.00227888 0.996756
1.7 0.15 0.00205304 0.000121482 0.997825
1.7 0.2 0.00360881 6.99785e-06 0.996384
1.7 0.25 0.00570552 4.41495e-07 0.994294
1.7 0.3 0.00862366 3.14384e-08 0.991376
1.7 0.35 0.0127977 2.63763e-09 0.987202
1.7 0.4 0.0187099 2.73117e-10 0.98129
1.7 0.45 0.0267887 3.63517e-11 0.973211
1.7 0.5 0.0373554 6.40478e-12 0.962645
1.7 0.55 0.0506361 1.52354e-12 0.949364
1.7 0.6 0.0667536 4.93877e-13 0.933246

1.85 0.1 0.000887217 0.00212667 0.996986
1.85 0.15 0.00188625 0.000108778 0.998005
1.85 0.2 0.00330679 5.97129e-06 0.996687
1.85 0.25 0.00516288 3.54366e-07 0.994837
1.85 0.3 0.00759313 2.3141e-08 0.992407
1.85 0.35 0.0108563 1.71198e-09 0.989144
1.85 0.4 0.0152951 1.48956e-10 0.984705
1.85 0.45 0.021269 1.58452e-11 0.978731
1.85 0.5 0.0290821 2.12737e-12 0.970918
1.85 0.55 0.0389867 3.69818e-13 0.961013
1.85 0.6 0.0511704 8.47951e-14 0.94883

2 0.1 0.000821324 0.00200769 0.997171
2 0.15 0.00174469 9.92577e-05 0.998156
2 0.2 0.00305605 5.24416e-06 0.996939
2 0.25 0.0047471 2.97296e-07 0.995253
2 0.3 0.00688393 1.8262e-08 0.993116
2 0.35 0.00961015 1.23824e-09 0.99039
2 0.4 0.0131484 9.52892e-11 0.986852
2 0.45 0.0177605 8.59054e-12 0.982239
2 0.5 0.0236996 9.34385e-13 0.9763
2 0.55 0.0312142 1.26173e-13 0.968786
2 0.6 0.04052 2.16797e-14 0.95948

