0.5 0.1 0.0676096 0.409247 0.523143
0.5 0.15 0.256704 0.346378 0.396918
0.5 0.2 0.647244 0.180859 0.171897
0.5 0.25 0.918627 0.039036 0.0423366
0.5 0.3 0.986253 0.00544499 0.00830225
0.5 0.35 0.997716 0.000684286 0.00159961
0.5 0.4 0.999583 8.425e-05 0.000332277
0.5 0.45 0.999908 1.03301e-05 8.16162e-05
0.5 0.5 0.999972 1.26544e-06 2.65795e-05
0.5 0.55 0.999988 1.5498e-07 1.22184e-05
0.5 0.6 0.999993 1.89794e-08 7.4809e-06

0.65 0.1 0.00810387 0.182887 0.809009
0.65 0.15 0.0252258 0.120799 0.853976
0.65 0.2 0.0663063 0.10981 0.823883
0.65 0.25 0.147476 0.128937 0.723587
0.65 0.3 0.313725 0.160168 0.526107
0.65 0.35 0.628601 0.123995 0.247404
0.65 0.4 0.900642 0.035127 0.0642309
0.65 0.45 0.982364 0.00532285 0.0123129
0.65 0.5 0.99704 0.000680842 0.00227945
0.65 0.55 0.999459 8.41387e-05 0.000456589
0.65 0.6 0.999881 1.03255e-05 0.0001088

0.8 0.1 0.00393254 0.10654 0.889528
0.8 0.15 0.00891966 0.0470887 0.943992
0.8 0.2 0.0229158 0.0274076 0.949677
0.8 0.25 0.049507 0.0214761 0.929017
0.8 0.3 0.0906062 0.0224075 0.886986
0.8 0.35 0.148822 0.0300437 0.821134
0.8 0.4 0.232975 0.0483524 0.718672
0.8 0.45 0.37359 0.0792034 0.547206
0.8 0.5 0.627695 0.0837513 0.288554
0.8 0.55 0.886104 0.0309894 0.0829067
0.8 0.6 0.978639 0.00517457 0.0161868

0.95 0.1 0.00287561 0.0751581 0.921966
0.95 0.15 0.00509739 0.0254371 0.969466
0.95 0.2 0.0116723 0.0105571 0.977771
0.95 0.25 0.0253687 0.00561777 0.969014
0.95 0.3 0.0478194 0.00390761 0.948273
0.95 0.35 0.079588 0.00354265 0.916869
0.95 0.4 0.120732 0.00411665 0.875151
0.95 0.45 0.171421 0.00597782 0.822601
0.95 0.5 0.233073 0.0104819 0.756445
0.95 0.55 0.311862 0.0209876 0.667151
0.95 0.6 0.430018 0.0419677 0.528015

1.1 0.1 0.00236787 0.0590735 0.938559
1.1 0.15 0.00376137 0.0167644 0.979474
1.1 0.2 0.00740841 0.00550609 0.987086
1.1 0.25 0.0150937 0.0021911 0.982715
1.1 0.3 0.0284171 0.00109368 0.970489
1.1 0.35 0.0482781 0.000695459 0.951026
1.1 0.4 0.0749907 0.000563357 0.924446
1.1 0.45 0.108515 0.000575474 0.89091
1.1 0.5 0.148641 0.000729472 0.85063
1.1 0.55 0.195146 0.00112498 0.803729
1.1 0.6 0.248042 0.00206287 0.749895

1.25 0.1 0.00204317 0.0495537 0.948403
1.25 0.15 0.00312726 0.0124591 0.984414
1.25 0.2 0.00555115 0.00348499 0.990964
1.25 0.25 0.0102438 0.00112447 0.988632
1.25 0.3 0.0184555 0.000434675 0.98111
1.25 0.35 0.0311697 0.000206756 0.968624
1.25 0.4 0.0489509 0.000122565 0.950927
1.25 0.45 0.0720241 9.06867e-05 0.927885
1.25 0.5 0.100388 8.32329e-05 0.899528
1.25 0.55 0.133908 9.37167e-05 0.865999
1.25 0.6 0.172372 0.000127642 0.8275

1.4 0.1 0.00181014 0.0433527 0.954837
1.4 0.15 0.00273517 0.00998756 0.987277
1.4 0.2 0.00461615 0.00249699 0.992887
1.4 0.25 0.00782182 0.000694175 0.991484
1.4 0.3 0.0131725 0.000221752 0.986606
1.4 0.35 0.0215263 8.39087e-05 0.97839
1.4 0.4 0.0335268 3.84092e-05 0.966435
1.4 0.45 0.0495621 2.15025e-05 0.950416
1.4 0.5 0.0698091 1.47591e-05 0.930176
1.4 0.55 0.0942953 1.2377e-05 0.905692
1.4 0.6 0.122949 1.25848e-05 0.877039

1.55 0.1 0.00163302 0.0390338 0.959333
1.55 0.15 0.00244961 0.00841865 0.989132
1.55 0.2 0.00405459 0.00194061 0.994005
1.55 0.25 0.00651316 0.000485197 0.993002
1.55 0.3 0.0102864 0.000134842 0.989579
1.55 0.35 0.0160127 4.2832e-05 0.983944
1.55 0.4 0.0242889 1.59368e-05 0.975695
1.55 0.45 0.0355598 7.06561e-06 0.964433
1.55 0.5 0.0501118 3.76903e-06 0.949884
1.55 0.55 0.0680908 2.42678e-06 0.931907
1.55 0.6 0.0895405 1.88302e-06 0.910458

1.7 0.1 0.00149333 0.0358742 0.962632
1.7 0.15 0.00222436 0.00734902 0.990427
1.7 0.2 0.00365898 0.00159368 0.994747
1.7 0.25 0.0057204 0.000368931 0.993911
1.7 0.3 0.00862842 9.2687e-05 0.991279
1.7 0.35 0.0127994 2.58363e-05 0.987175
1.7 0.4 0.0187106 8.17965e-06 0.981281
1.7 0.45 0.0267891 3.00129e-06 0.973208
1.7 0.5 0.0373555 1.29446e-06 0.962643
1.7 0.55 0.0506362 6.62228e-07 0.949363
1.7 0.6 0.0667537 4.03324e-07 0.933246

1.85 0.1 0.00138017 0.0334784 0.965141
1.85 0.15 0.00203964 0.00658057 0.99138
1.85 0.2 0.0033495 0.00136055 0.99529
1.85 0.25 0.00517467 0.000297352 0.994528
1.85 0.3 0.00759654 6.9405e-05 0.992334
1.85 0.35 0.0108573 1.75726e-05 0.989125
1.85 0.4 0.0152954 4.92141e-06 0.9847
1.85 0.45 0.0212691 1.55547e-06 0.978729
1.85 0.5 0.0290822 5.6379e-07 0.970917
1.85 0.55 0.0389867 2.37297e-07 0.961013
1.85 0.6 0.0511704 1.17022e-07 0.948829

2 0.1 0.00128651 0.0316057 0.967108
2 0.15 0.00188466 0.00600462 0.992111
2 0.2 0.00309354 0.00119505 0.995711
2 0.25 0.00475695 0.000249864 0.994993
2 0.3 0.00688659 5.52019e-05 0.993058
2 0.35 0.00961091 1.30208e-05 0.990376
2 0.4 0.0131486 3.32933e-06 0.986848
2 0.45 0.0177606 9.38495e-07 0.982238
2 0.5 0.0236996 2.96109e-07 0.9763
2 0.55 0.0312142 1.0611e-07 0.968786
2 0.6 0.04052 4.37365e-08 0.95948

