0.5 0.1 0.131991 0.478965 0.389043
0.5 0.15 0.435803 0.320952 0.243245
0.5 0.2 0.806536 0.108063 0.0854004
0.5 0.25 0.959087 0.0200518 0.0208608
0.5 0.3 0.992377 0.00303315 0.00458966
0.5 0.35 0.998542 0.000437489 0.00102026
0.5 0.4 0.999693 6.24469e-05 0.00024491
0.5 0.45 0.999922 8.89232e-06 6.86652e-05
0.5 0.5 0.999974 1.26549e-06 2.46813e-05
0.5 0.55 0.999988 1.80065e-07 1.19425e-05
0.5 0.6 0.999993 2.56198e-08 7.44106e-06

0.65 0.1 0.0105812 0.244019 0.7454
0.65 0.15 0.0326969 0.180239 0.787064
0.65 0.2 0.0862617 0.17371 0.740028
0.65 0.25 0.201773 0.195745 0.602483
0.65 0.3 0.445941 0.187749 0.36631
0.65 0.35 0.777574 0.0879014 0.134524
0.65 0.4 0.948493 0.0190106 0.0324961
0.65 0.45 0.990163 0.00299522 0.00684136
0.65 0.5 0.998109 0.000436088 0.0014552
0.65 0.55 0.999601 6.23871e-05 0.000336596
0.65 0.6 0.9999 8.88913e-06 9.15395e-05

0.8 0.1 0.00459167 0.14305 0.852358
0.8 0.15 0.0100542 0.0724429 0.917503
0.8 0.2 0.0249098 0.0472888 0.927801
0.8 0.25 0.0531209 0.0403081 0.906571
0.8 0.3 0.097781 0.0441075 0.858111
0.8 0.35 0.164948 0.0591897 0.775863
0.8 0.4 0.273435 0.0879904 0.638574
0.8 0.45 0.471565 0.111083 0.417352
0.8 0.5 0.759641 0.069671 0.170688
0.8 0.55 0.938948 0.0178099 0.0432421
0.8 0.6 0.988001 0.00294837 0.00905029

0.95 0.1 0.0032796 0.100985 0.895736
0.95 0.15 0.00550524 0.0393867 0.955108
0.95 0.2 0.0121351 0.0186203 0.969245
0.95 0.25 0.0259491 0.0110646 0.962986
0.95 0.3 0.0486212 0.00838368 0.942995
0.95 0.35 0.0808411 0.00806136 0.911098
0.95 0.4 0.122987 0.00966779 0.867346
0.95 0.45 0.176101 0.0140762 0.809823
0.95 0.5 0.24415 0.0238669 0.731983
0.95 0.55 0.340724 0.0433318 0.615944
0.95 0.6 0.502958 0.067424 0.429618

1.1 0.1 0.00267992 0.0793791 0.917941
1.1 0.15 0.00399289 0.0260041 0.970003
1.1 0.2 0.00758628 0.00979591 0.982618
1.1 0.25 0.0152512 0.00441397 0.980335
1.1 0.3 0.0285747 0.00244918 0.968976
1.1 0.35 0.048457 0.00169444 0.949849
1.1 0.4 0.0752239 0.00145996 0.923316
1.1 0.45 0.108868 0.00155095 0.889582
1.1 0.5 0.14926 0.00200015 0.84874
1.1 0.55 0.196398 0.00307134 0.800531
1.1 0.6 0.250924 0.0054831 0.743593

1.25 0.1 0.00230473 0.0665873 0.931108
1.25 0.15 0.00329177 0.0193353 0.977373
1.25 0.2 0.00564736 0.00622196 0.988131
1.25 0.25 0.0103065 0.00229109 0.987402
1.25 0.3 0.0185023 0.000997635 0.9805
1.25 0.35 0.0312096 0.000525612 0.968265
1.25 0.4 0.0489899 0.000338632 0.950671
1.25 0.45 0.0720682 0.000266956 0.927665
1.25 0.5 0.100446 0.000255923 0.899298
1.25 0.55 0.133996 0.000295225 0.865709
1.25 0.6 0.172527 0.000404377 0.827068

1.4 0.1 0.00203909 0.0582547 0.939706
1.4 0.15 0.00286555 0.0155016 0.981633
1.4 0.2 0.00468054 0.00446405 0.990855
1.4 0.25 0.00785504 0.00142221 0.990723
1.4 0.3 0.0131918 0.000516058 0.986292
1.4 0.35 0.0215391 0.000219033 0.978242
1.4 0.4 0.0335365 0.000110753 0.966353
1.4 0.45 0.0495705 6.73385e-05 0.950362
1.4 0.5 0.0698175 4.93179e-05 0.930133
1.4 0.55 0.0943051 4.33514e-05 0.905652
1.4 0.6 0.122962 4.54029e-05 0.876993

1.55 0.1 0.00183918 0.0524511 0.94571
1.55 0.15 0.00255924 0.0130668 0.984374
1.55 0.2 0.00410338 0.00347105 0.992426
1.55 0.25 0.00653461 0.000996595 0.992469
1.55 0.3 0.0102966 0.000316158 0.989387
1.55 0.35 0.0160181 0.000113604 0.983868
1.55 0.4 0.0242921 4.72512e-05 0.975661
1.55 0.45 0.035562 2.30935e-05 0.964415
1.55 0.5 0.0501136 1.33741e-05 0.949873
1.55 0.55 0.0680924 9.20102e-06 0.931898
1.55 0.6 0.0895422 7.50633e-06 0.91045

1.7 0.1 0.00168274 0.0482055 0.950112
1.7 0.15 0.00232003 0.0114067 0.986273
1.7 0.2 0.0036987 0.00285098 0.99345
1.7 0.25 0.00573612 0.000758616 0.993505
1.7 0.3 0.00863487 0.000218151 0.991147
1.7 0.35 0.0128023 6.91576e-05 0.987129
1.7 0.4 0.018712 2.46801e-05 0.981263
1.7 0.45 0.0267899 1.0095e-05 0.9732
1.7 0.5 0.0373561 4.79228e-06 0.962639
1.7 0.55 0.0506365 2.66131e-06 0.949361
1.7 0.6 0.0667541 1.73415e-06 0.933244

1.85 0.1 0.00155681 0.0449864 0.953457
1.85 0.15 0.00212531 0.0102139 0.987661
1.85 0.2 0.00338331 0.00243406 0.994183
1.85 0.25 0.00518716 0.000611704 0.994201
1.85 0.3 0.00760117 0.000163655 0.992235
1.85 0.35 0.0108591 4.72739e-05 0.989094
1.85 0.4 0.0152962 1.50062e-05 0.984689
1.85 0.45 0.0212695 5.32986e-06 0.978725
1.85 0.5 0.0290824 2.14873e-06 0.970915
1.85 0.55 0.0389868 9.94268e-07 0.961012
1.85 0.6 0.0511705 5.32245e-07 0.948829

2 0.1 0.00145313 0.0424701 0.956077
2 0.15 0.00196284 0.00931995 0.988717
2 0.2 0.00312321 0.00213801 0.994739
2 0.25 0.00476738 0.0005141 0.994719
2 0.3 0.0068902 0.000130273 0.99298
2 0.35 0.00961219 3.51196e-05 0.990353
2 0.4 0.0131491 1.02127e-05 0.986841
2 0.45 0.0177608 3.25283e-06 0.982236
2 0.5 0.0236997 1.15037e-06 0.976299
2 0.55 0.0312142 4.57675e-07 0.968785
2 0.6 0.04052 2.07184e-07 0.95948

