0.5 0.1 0.0188154 0.176247 0.804938
0.5 0.15 0.0726257 0.150334 0.77704
0.5 0.2 0.213644 0.178415 0.607942
0.5 0.25 0.562472 0.152759 0.284769
0.5 0.3 0.911375 0.0330511 0.0555739
0.5 0.35 0.989922 0.00298959 0.00708828
0.5 0.4 0.998861 0.00022821 0.00091032
0.5 0.45 0.999841 1.70211e-05 0.00014191
0.5 0.5 0.999966 1.26524e-06 3.29062e-05
0.5 0.55 0.999987 9.39943e-08 1.28892e-05
0.5 0.6 0.999992 6.98187e-09 7.55288e-06

0.65 0.1 0.00480722 0.06915 0.926043
0.65 0.15 0.0170084 0.0304062 0.952585
0.65 0.2 0.0470903 0.0208965 0.932013
0.65 0.25 0.0988768 0.0221906 0.878933
0.65 0.3 0.177594 0.0339854 0.78842
0.65 0.35 0.307504 0.063901 0.628595
0.65 0.4 0.573272 0.0869638 0.339764
0.65 0.45 0.893865 0.0286169 0.077518
0.65 0.5 0.987063 0.00292344 0.0100136
0.65 0.55 0.998523 0.000227357 0.00124939
0.65 0.6 0.999794 1.70065e-05 0.00018914

0.8 0.1 0.0027738 0.0398676 0.957359
0.8 0.15 0.00743245 0.011146 0.981422
0.8 0.2 0.0207672 0.00439267 0.97484
0.8 0.25 0.0461255 0.00256663 0.951308
0.8 0.3 0.0844964 0.00222286 0.913281
0.8 0.35 0.135747 0.00277045 0.861483
0.8 0.4 0.199896 0.00475049 0.795353
0.8 0.45 0.279675 0.0105314 0.709794
0.8 0.5 0.391129 0.0266675 0.582203
0.8 0.55 0.596861 0.0504636 0.352676
0.8 0.6 0.880827 0.0242014 0.0949714

0.95 0.1 0.00212973 0.0280846 0.969786
0.95 0.15 0.00453539 0.00591871 0.989546
0.95 0.2 0.0111675 0.00158901 0.987244
0.95 0.25 0.0248406 0.000584384 0.974575
0.95 0.3 0.0471829 0.000305008 0.952512
0.95 0.35 0.078682 0.000226411 0.921092
0.95 0.4 0.119187 0.000234871 0.880578
0.95 0.45 0.168268 0.000331159 0.831401
0.95 0.5 0.225464 0.000613843 0.773922
0.95 0.55 0.290674 0.00144014 0.707886
0.95 0.6 0.365649 0.00407314 0.630278

1.1 0.1 0.00178879 0.0220701 0.976141
1.1 0.15 0.00343823 0.00388053 0.992681
1.1 0.2 0.0072145 0.0008066 0.991979
1.1 0.25 0.0149541 0.000212053 0.984834
1.1 0.3 0.0282989 7.43609e-05 0.971627
1.1 0.35 0.0481604 3.56886e-05 0.951804
1.1 0.4 0.0748507 2.35223e-05 0.925126
1.1 0.45 0.108315 2.10645e-05 0.891664
1.1 0.5 0.148299 2.5153e-05 0.851676
1.1 0.55 0.194453 3.91286e-05 0.805508
1.1 0.6 0.246397 7.72699e-05 0.753526

1.25 0.1 0.00155779 0.0185132 0.979929
1.25 0.15 0.00289706 0.00287967 0.994223
1.25 0.2 0.00544645 0.00050478 0.994049
1.25 0.25 0.0101891 0.000104846 0.989706
1.25 0.3 0.0184216 2.72505e-05 0.981551
1.25 0.35 0.0311449 9.21845e-06 0.968846
1.25 0.4 0.0489295 4.14044e-06 0.951066
1.25 0.45 0.072002 2.47978e-06 0.927995
1.25 0.5 0.100361 1.9681e-06 0.899637
1.25 0.55 0.133867 2.0435e-06 0.866131
1.25 0.6 0.172302 2.72962e-06 0.827695

1.4 0.1 0.00138539 0.0161966 0.982418
1.4 0.15 0.0025527 0.00230754 0.99514
1.4 0.2 0.00454613 0.000360078 0.995094
1.4 0.25 0.00779305 6.3553e-05 0.992143
1.4 0.3 0.0131589 1.32762e-05 0.986828
1.4 0.35 0.0215188 3.4259e-06 0.978478
1.4 0.4 0.0335219 1.1255e-06 0.966477
1.4 0.45 0.0495583 4.78504e-07 0.950441
1.4 0.5 0.0698056 2.64577e-07 0.930194
1.4 0.55 0.0942915 1.89653e-07 0.905708
1.4 0.6 0.122944 1.74719e-07 0.877056

1.55 0.1 0.00125057 0.0145831 0.984166
1.55 0.15 0.0022962 0.00194488 0.995759
1.55 0.2 0.00400159 0.000279397 0.995719
1.55 0.25 0.00649466 4.40476e-05 0.993461
1.55 0.3 0.0102793 7.87444e-06 0.989713
1.55 0.35 0.0160095 1.65837e-06 0.983989
1.55 0.4 0.0242873 4.25619e-07 0.975712
1.55 0.45 0.0355588 1.36356e-07 0.964441
1.55 0.5 0.0501111 5.53066e-08 0.949889
1.55 0.55 0.0680902 2.85546e-08 0.93191
1.55 0.6 0.0895399 1.87476e-08 0.91046

1.7 0.1 0.0011419 0.0134026 0.985455
1.7 0.15 0.00209051 0.00169775 0.996212
1.7 0.2 0.00361584 0.000229324 0.996155
1.7 0.25 0.00570685 3.33707e-05 0.99426
1.7 0.3 0.00862393 5.34429e-06 0.991371
1.7 0.35 0.0127978 9.70214e-07 0.987201
1.7 0.4 0.0187099 2.06075e-07 0.98129
1.7 0.45 0.0267887 5.26398e-08 0.973211
1.7 0.5 0.0373554 1.64906e-08 0.962645
1.7 0.55 0.0506361 6.41773e-09 0.949364
1.7 0.6 0.0667536 3.12042e-09 0.933246

1.85 0.1 0.00105235 0.0125075 0.98644
1.85 0.15 0.00191979 0.00152022 0.99656
1.85 0.2 0.00331278 0.000195745 0.996491
1.85 0.25 0.00516393 2.68564e-05 0.994809
1.85 0.3 0.00759333 3.97742e-06 0.992403
1.85 0.35 0.0108563 6.48955e-07 0.989143
1.85 0.4 0.0152951 1.19715e-07 0.984705
1.85 0.45 0.021269 2.56459e-08 0.978731
1.85 0.5 0.0290821 6.5198e-09 0.970918
1.85 0.55 0.0389867 2.00104e-09 0.961013
1.85 0.6 0.0511704 7.50665e-10 0.94883

2 0.1 0.000977191 0.0118077 0.987215
2 0.15 0.00177529 0.00138717 0.996838
2 0.2 0.00306131 0.000171925 0.996767
2 0.25 0.00474798 2.25544e-05 0.995229
2 0.3 0.00688409 3.15465e-06 0.993113
2 0.35 0.00961018 4.76726e-07 0.990389
2 0.4 0.0131484 7.93863e-08 0.986852
2 0.45 0.0177605 1.48936e-08 0.982239
2 0.5 0.0236996 3.21244e-09 0.9763
2 0.55 0.0312142 8.12384e-10 0.968786
2 0.6 0.04052 2.44981e-10 0.95948

