0 0.999999 1.26582e-06 0
0.5 0.999997 2.54705e-06 5.49098e-07
1 0.999993 5.12508e-06 1.65397e-06
1.5 0.999986 1.03124e-05 3.87716e-06
2 0.999971 2.075e-05 8.35053e-06
2.5 0.999941 4.17512e-05 1.73515e-05
3 0.999881 8.40045e-05 3.5462e-05
3.5 0.999759 0.000169007 7.18995e-05
4 0.999515 0.000339972 0.000145202
4.5 0.999024 0.000683683 0.000292637
5 0.998037 0.00137407 0.000589042
5.5 0.996057 0.00275835 0.00118442
6 0.992098 0.00552403 0.00237822
6.5 0.984226 0.0110103 0.00476349
7 0.968765 0.0217394 0.00949607
7.5 0.939103 0.0421399 0.0187571
8 0.884724 0.0788721 0.0364043
8.5 0.792989 0.138588 0.0684226
9 0.658556 0.219595 0.121849
9.5 0.498431 0.301092 0.200477
10 0.349582 0.350914 0.299504
10.5 0.23903 0.354516 0.406453
11 0.167828 0.323429 0.508743
11.5 0.124268 0.276802 0.59893
12 0.0973785 0.228044 0.674578
12.5 0.0801972 0.183639 0.736164
13 0.0687847 0.145815 0.7854
13.5 0.0609395 0.114745 0.824316
14 0.0553956 0.0897573 0.854847
14.5 0.0513939 0.0699255 0.878681
15 0.0484585 0.05432 0.897221
15.5 0.0462793 0.042111 0.91161
16 0.0446467 0.0325975 0.922756
16.5 0.0434154 0.0252056 0.931379
17 0.0424819 0.0194741 0.938044
17.5 0.0417714 0.0150366 0.943192
18 0.0412291 0.0116049 0.947166
18.5 0.0408142 0.00895331 0.950232
19 0.0404963 0.00690571 0.952598
19.5 0.0402524 0.00532531 0.954422
20 0.040065 0.00410596 0.955829
20.5 0.039921 0.00316542 0.956914
21 0.0398102 0.00244011 0.95775
21.5 0.039725 0.00188086 0.958394
22 0.0396594 0.00144971 0.958891
22.5 0.0396089 0.00111734 0.959274
23 0.03957 0.000861148 0.959569
23.5 0.03954 0.000663681 0.959796
24 0.0395169 0.000511484 0.959972
24.5 0.0394992 0.000394184 0.960107
25 0.0394855 0.000303781 0.960211
25.5 0.0394749 0.000234109 0.960291
26 0.0394668 0.000180415 0.960353
26.5 0.0394605 0.000139036 0.9604
27 0.0394557 0.000107146 0.960437
27.5 0.039452 8.2571e-05 0.960465
28 0.0394491 6.36321e-05 0.960487
28.5 0.0394469 4.90371e-05 0.960504
29 0.0394452 3.77896e-05 0.960517
29.5 0.0394439 2.91218e-05 0.960527
30 0.0394429 2.24422e-05 0.960535
30.5 0.0394421 1.72946e-05 0.960541
31 0.0394415 1.33278e-05 0.960545
31.5 0.039441 1.02708e-05 0.960549
32 0.0394407 7.91498e-06 0.960551
32.5 0.0394404 6.09951e-06 0.960554
33 0.0394402 4.70047e-06 0.960555
33.5 0.03944 3.62232e-06 0.960556
34 0.0394399 2.79146e-06 0.960557
34.5 0.0394398 2.15118e-06 0.960558
35 0.0394397 1.65777e-06 0.960559
35.5 0.0394396 1.27752e-06 0.960559
36 0.0394396 9.84496e-07 0.960559
36.5 0.0394396 7.58681e-07 0.96056
37 0.0394395 5.84662e-07 0.96056
37.5 0.0394395 4.50558e-07 0.96056
38 0.0394395 3.47213e-07 0.96056
38.5 0.0394395 2.67572e-07 0.96056
39 0.0394395 2.06199e-07 0.96056
39.5 0.0394395 1.58903e-07 0.96056
40 0.0394395 1.22455e-07 0.96056
40.5 0.0394395 9.43676e-08 0.96056
41 0.0394395 7.27224e-08 0.96056
41.5 0.0394395 5.6042e-08 0.96056
42 0.0394395 4.31876e-08 0.96056
42.5 0.0394395 3.32816e-08 0.960561
43 0.0394395 2.56478e-08 0.960561
43.5 0.0394395 1.97649e-08 0.960561
44 0.0394395 1.52314e-08 0.960561
44.5 0.0394395 1.17378e-08 0.960561
45 0.0394395 9.04547e-09 0.960561
45.5 0.0394395 6.9707e-09 0.960561
46 0.0394395 5.37183e-09 0.960561
46.5 0.0394395 4.13969e-09 0.960561
47 0.0394395 3.19016e-09 0.960561
47.5 0.0394395 2.45843e-09 0.960561
48 0.0394395 1.89454e-09 0.960561
48.5 0.0394395 1.45999e-09 0.960561
49 0.0394395 1.12511e-09 0.960561
49.5 0.0394395 8.67041e-10 0.960561
50 0.0394395 6.68167e-10 0.960561
50.5 0.0394395 5.14909e-10 0.960561
51 0.0394395 3.96804e-10 0.960561
51.5 0.0394395 3.05789e-10 0.960561
52 0.0394395 2.3565e-10 0.960561
52.5 0.0394395 1.81598e-10 0.960561
53 0.0394395 1.39945e-10 0.960561
53.5 0.0394395 1.07846e-10 0.960561
54 0.0394395 8.31091e-11 0.960561
54.5 0.0394395 6.40463e-11 0.960561
55 0.0394395 4.93559e-11 0.960561
55.5 0.0394395 3.80351e-11 0.960561
56 0.0394395 2.9311e-11 0.960561
56.5 0.0394395 2.25879e-11 0.960561
57 0.0394395 1.74069e-11 0.960561
57.5 0.0394395 1.34142e-11 0.960561
58 0.0394395 1.03374e-11 0.960561
58.5 0.0394395 7.96631e-12 0.960561
59 0.0394395 6.13907e-12 0.960561
59.5 0.0394395 4.73094e-12 0.960561
60 0.0394395 3.6458e-12 0.960561
60.5 0.0394395 2.80956e-12 0.960561
61 0.0394395 2.16513e-12 0.960561
61.5 0.0394395 1.66851e-12 0.960561
62 0.0394395 1.2858e-12 0.960561
62.5 0.0394395 9.90878e-13 0.960561
63 0.0394395 7.63599e-13 0.960561
63.5 0.0394395 5.88452e-13 0.960561
64 0.0394395 4.53478e-13 0.960561
64.5 0.0394395 3.49463e-13 0.960561
65 0.0394395 2.69307e-13 0.960561
65.5 0.0394395 2.07536e-13 0.960561
66 0.0394395 1.59933e-13 0.960561
66.5 0.0394395 1.23249e-13 0.960561
67 0.0394395 9.49793e-14 0.960561
67.5 0.0394395 7.31938e-14 0.960561
68 0.0394395 5.64053e-14 0.960561
68.5 0.0394395 4.34675e-14 0.960561
69 0.0394395 3.34973e-14 0.960561
69.5 0.0394395 2.5814e-14 0.960561
70 0.0394395 1.9893e-14 0.960561
70.5 0.0394395 1.53302e-14 0.960561
71 0.0394395 1.18139e-14 0.960561
71.5 0.0394395 9.10411e-15 0.960561
72 0.0394395 7.01589e-15 0.960561
72.5 0.0394395 5.40665e-15 0.960561
73 0.0394395 4.16652e-15 0.960561
73.5 0.0394395 3.21084e-15 0.960561
74 0.0394395 2.47437e-15 0.960561
74.5 0.0394395 1.90682e-15 0.960561
75 0.0394395 1.46945e-15 0.960561
75.5 0.0394395 1.1324e-15 0.960561
76 0.0394395 8.72662e-16 0.960561
76.5 0.0394395 6.72498e-16 0.960561
77 0.0394395 5.18247e-16 0.960561
77.5 0.0394395 3.99376e-16 0.960561
78 0.0394395 3.07771e-16 0.960561
78.5 0.0394395 2.37177e-16 0.960561
79 0.0394395 1.82776e-16 0.960561
79.5 0.0394395 1.40852e-16 0.960561
80 0.0394395 1.08545e-16 0.960561
80.5 0.0394395 8.36478e-17 0.960561
81 0.0394395 6.44614e-17 0.960561
81.5 0.0394395 4.96758e-17 0.960561
82 0.0394395 3.82817e-17 0.960561
82.5 0.0394395 2.9501e-17 0.960561
83 0.0394395 2.27343e-17 0.960561
83.5 0.0394395 1.75197e-17 0.960561
84 0.0394395 1.35012e-17 0.960561
84.5 0.0394395 1.04044e-17 0.960561
85 0.0394395 8.01794e-18 0.960561
85.5 0.0394395 6.17886e-18 0.960561
86 0.0394395 4.76161e-18 0.960561
86.5 0.0394395 3.66944e-18 0.960561
87 0.0394395 2.82777e-18 0.960561
87.5 0.0394395 2.17916e-18 0.960561
88 0.0394395 1.67933e-18 0.960561
88.5 0.0394395 1.29414e-18 0.960561
89 0.0394395 9.97301e-19 0.960561
89.5 0.0394395 7.68549e-19 0.960561
90 0.0394395 5.92266e-19 0.960561
90.5 0.0394395 4.56418e-19 0.960561
91 0.0394395 3.51729e-19 0.960561
91.5 0.0394395 2.71052e-19 0.960561
92 0.0394395 2.08881e-19 0.960561
92.5 0.0394395 1.6097e-19 0.960561
93 0.0394395 1.24048e-19 0.960561
93.5 0.0394395 9.55949e-20 0.960561
94 0.0394395 7.36682e-20 0.960561
94.5 0.0394395 5.67709e-20 0.960561
95 0.0394395 4.37493e-20 0.960561
95.5 0.0394395 3.37145e-20 0.960561
96 0.0394395 2.59814e-20 0.960561
96.5 0.0394395 2.0022e-20 0.960561
97 0.0394395 1.54295e-20 0.960561
97.5 0.0394395 1.18904e-20 0.960561
98 0.0394395 9.16312e-21 0.960561
98.5 0.0394395 7.06137e-21 0.960561
99 0.0394395 5.44169e-21 0.960561
99.5 0.0394395 4.19353e-21 0.960561
