0 0.998004 0.00199601 0
0.5 0.997453 0.00243664 0.00011045
1 0.996781 0.00297412 0.000245274
1.5 0.995961 0.00362952 0.000409822
2 0.994961 0.00442841 0.00061061
2.5 0.993743 0.00540172 0.000855561
3 0.992259 0.00658687 0.0011543
3.5 0.990453 0.00802893 0.00151852
4 0.988256 0.00978209 0.00196237
4.5 0.985586 0.0119112 0.00250298
5 0.982345 0.0144937 0.00316103
5.5 0.978417 0.0176213 0.00396141
6 0.973664 0.0214017 0.00493401
6.5 0.967924 0.0259612 0.00611454
7 0.96101 0.0314449 0.0075455
7.5 0.952704 0.0380185 0.00927716
8 0.942764 0.0458671 0.0113686
8.5 0.930918 0.0551934 0.0138885
9 0.916872 0.0662122 0.0169161
9.5 0.900316 0.079142 0.0205415
10 0.880942 0.094192 0.0248657
10.5 0.858457 0.111544 0.0299992
11 0.832611 0.131328 0.0360607
11.5 0.803231 0.153596 0.0431735
12 0.770252 0.178287 0.0514609
12.5 0.733754 0.205207 0.0610397
13 0.693989 0.233997 0.0720132
13.5 0.651399 0.264138 0.0844625
14 0.606606 0.294955 0.0984389
14.5 0.560388 0.325655 0.113957
15 0.513624 0.355387 0.130989
15.5 0.467229 0.383305 0.149466
16 0.422076 0.408647 0.169277
16.5 0.378935 0.430787 0.190278
17 0.338417 0.449287 0.212296
17.5 0.300953 0.463904 0.235143
18 0.266791 0.474587 0.258621
18.5 0.236012 0.48145 0.282538
19 0.208558 0.484734 0.306707
19.5 0.184273 0.484769 0.330957
20 0.16293 0.481934 0.355136
20.5 0.144264 0.476626 0.37911
21 0.127997 0.469239 0.402764
21.5 0.113854 0.460141 0.426005
22 0.101571 0.449674 0.448755
22.5 0.0909078 0.438138 0.470954
23 0.0816464 0.425799 0.492555
23.5 0.0735942 0.412882 0.513524
24 0.0665826 0.399581 0.533836
24.5 0.0604653 0.386057 0.553478
25 0.0551166 0.372443 0.57244
25.5 0.0504282 0.35885 0.590722
26 0.046308 0.345365 0.608327
26.5 0.0426772 0.332061 0.625261
27 0.0394686 0.318995 0.641537
27.5 0.0366251 0.30621 0.657165
28 0.0340979 0.293739 0.672163
28.5 0.0318456 0.28161 0.686545
29 0.0298326 0.269838 0.700329
29.5 0.0280285 0.258437 0.713535
30 0.0264073 0.247413 0.726179
30.5 0.0249466 0.236771 0.738282
31 0.0236272 0.22651 0.749863
31.5 0.0224325 0.216628 0.760939
32 0.0213482 0.20712 0.771532
32.5 0.0203617 0.197981 0.781658
33 0.0194623 0.189202 0.791336
33.5 0.0186406 0.180776 0.800584
34 0.0178883 0.172693 0.809419
34.5 0.0171983 0.164943 0.817858
35 0.0165641 0.157517 0.825919
35.5 0.0159803 0.150404 0.833615
36 0.015442 0.143594 0.840964
36.5 0.0149447 0.137076 0.84798
37 0.0144847 0.130839 0.854676
37.5 0.0140586 0.124873 0.861068
38 0.0136632 0.119169 0.867168
38.5 0.013296 0.113715 0.872989
39 0.0129544 0.108502 0.878543
39.5 0.0126362 0.103521 0.883843
40 0.0123397 0.0987611 0.888899
40.5 0.0120629 0.0942144 0.893723
41 0.0118043 0.0898717 0.898324
41.5 0.0115624 0.0857245 0.902713
42 0.011336 0.0817644 0.9069
42.5 0.0111239 0.0779835 0.910893
43 0.010925 0.0743742 0.914701
43.5 0.0107384 0.0709289 0.918333
44 0.0105631 0.0676406 0.921796
44.5 0.0103984 0.0645024 0.925099
45 0.0102434 0.0615076 0.928249
45.5 0.0100976 0.0586501 0.931252
46 0.00996032 0.0559236 0.934116
46.5 0.00983096 0.0533223 0.936847
47 0.009709 0.0508407 0.93945
47.5 0.00959397 0.0484733 0.941933
48 0.00948541 0.0462151 0.944299
48.5 0.00938291 0.0440611 0.946556
49 0.00928609 0.0420067 0.948707
49.5 0.0091946 0.0400472 0.950758
50 0.0091081 0.0381784 0.952713
50.5 0.00902629 0.0363962 0.954578
51 0.00894889 0.0346966 0.956354
51.5 0.00887564 0.0330759 0.958048
52 0.00880629 0.0315304 0.959663
52.5 0.00874061 0.0300567 0.961203
53 0.00867838 0.0286515 0.96267
53.5 0.00861942 0.0273116 0.964069
54 0.00856353 0.0260341 0.965402
54.5 0.00851054 0.0248161 0.966673
55 0.00846029 0.0236548 0.967885
55.5 0.00841262 0.0225476 0.96904
56 0.00836739 0.0214921 0.970141
56.5 0.00832446 0.0204858 0.97119
57 0.00828372 0.0195264 0.97219
57.5 0.00824505 0.0186118 0.973143
58 0.00820832 0.0177399 0.974052
58.5 0.00817344 0.0169087 0.974918
59 0.00814031 0.0161164 0.975743
59.5 0.00810883 0.0153611 0.97653
60 0.00807892 0.0146411 0.97728
60.5 0.0080505 0.0139547 0.977995
61 0.00802349 0.0133005 0.978676
61.5 0.00799782 0.0126769 0.979325
62 0.00797341 0.0120824 0.979944
62.5 0.0079502 0.0115158 0.980534
63 0.00792813 0.0109757 0.981096
63.5 0.00790715 0.0104608 0.981632
64 0.00788719 0.00997013 0.982143
64.5 0.0078682 0.0095024 0.982629
65 0.00785014 0.00905657 0.983093
65.5 0.00783296 0.00863163 0.983535
66 0.00781662 0.0082266 0.983957
66.5 0.00780106 0.00784055 0.984358
67 0.00778626 0.0074726 0.984741
67.5 0.00777218 0.00712189 0.985106
68 0.00775878 0.00678762 0.985454
68.5 0.00774602 0.00646903 0.985785
69 0.00773388 0.00616537 0.986101
69.5 0.00772232 0.00587596 0.986402
70 0.00771132 0.00560011 0.986689
70.5 0.00770084 0.00533721 0.986962
71 0.00769087 0.00508663 0.987222
71.5 0.00768137 0.00484781 0.987471
72 0.00767234 0.0046202 0.987707
72.5 0.00766373 0.00440326 0.987933
73 0.00765553 0.00419651 0.988148
73.5 0.00764773 0.00399945 0.988353
74 0.0076403 0.00381164 0.988548
74.5 0.00763322 0.00363265 0.988734
75 0.00762648 0.00346206 0.988911
75.5 0.00762006 0.00329947 0.98908
76 0.00761394 0.00314451 0.989242
76.5 0.00760812 0.00299683 0.989395
77 0.00760258 0.00285609 0.989541
77.5 0.00759729 0.00272194 0.989681
78 0.00759226 0.0025941 0.989814
78.5 0.00758747 0.00247226 0.98994
79 0.0075829 0.00235614 0.990061
79.5 0.00757855 0.00224547 0.990176
80 0.00757441 0.00214 0.990286
80.5 0.00757046 0.00203948 0.99039
81 0.0075667 0.00194368 0.99049
81.5 0.00756312 0.00185238 0.990585
82 0.00755971 0.00176536 0.990675
82.5 0.00755646 0.00168243 0.990761
83 0.00755336 0.0016034 0.990843
83.5 0.00755041 0.00152808 0.990922
84 0.0075476 0.0014563 0.990996
84.5 0.00754492 0.00138788 0.991067
85 0.00754237 0.00132268 0.991135
85.5 0.00753994 0.00126055 0.9912
86 0.00753762 0.00120133 0.991261
86.5 0.00753541 0.00114489 0.99132
87 0.00753331 0.00109111 0.991376
87.5 0.00753131 0.00103985 0.991429
88 0.0075294 0.000990994 0.99148
88.5 0.00752758 0.000944437 0.991528
89 0.00752585 0.000900066 0.991574
89.5 0.00752419 0.00085778 0.991618
90 0.00752262 0.000817481 0.99166
90.5 0.00752112 0.000779074 0.9917
91 0.00751969 0.000742472 0.991738
91.5 0.00751833 0.000707589 0.991774
92 0.00751703 0.000674344 0.991809
92.5 0.0075158 0.000642662 0.991842
93 0.00751462 0.000612468 0.991873
93.5 0.0075135 0.000583692 0.991903
94 0.00751243 0.000556268 0.991931
94.5 0.00751141 0.000530133 0.991958
95 0.00751044 0.000505225 0.991984
95.5 0.00750951 0.000481488 0.992009
96 0.00750863 0.000458866 0.992033
96.5 0.00750779 0.000437306 0.992055
97 0.00750699 0.00041676 0.992076
97.5 0.00750622 0.000397178 0.992097
98 0.0075055 0.000378517 0.992116
98.5 0.0075048 0.000360732 0.992134
99 0.00750414 0.000343783 0.992152
99.5 0.00750351 0.000327631 0.992169
