0 0.989495 0.0104029 0.000102001
0.1 0.98897 0.0108217 0.00020811
0.2 0.988424 0.011257 0.00031849
0.3 0.987857 0.0117096 0.000433308
0.4 0.987267 0.01218 0.000552741
0.5 0.986654 0.0126689 0.00067697
0.6 0.986017 0.0131771 0.000806183
0.7 0.985354 0.0137052 0.000940578
0.8 0.984666 0.0142539 0.00108036
0.9 0.98395 0.0148242 0.00122573
1 0.983206 0.0154167 0.00137691
1.1 0.982434 0.0160323 0.00153414
1.2 0.981631 0.0166718 0.00169764
1.3 0.980796 0.0173361 0.00186766
1.4 0.979929 0.0180261 0.00204445
1.5 0.979029 0.0187428 0.00222827
1.6 0.978094 0.019487 0.00241939
1.7 0.977122 0.0202599 0.0026181
1.8 0.976113 0.0210624 0.00282469
1.9 0.975065 0.0218956 0.00303945
2 0.973977 0.0227605 0.00326271
2.1 0.972847 0.0236583 0.00349477
2.2 0.971674 0.0245902 0.00373599
2.3 0.970456 0.0255572 0.0039867
2.4 0.969192 0.0265606 0.00424725
2.5 0.96788 0.0276016 0.00451803
2.6 0.966519 0.0286816 0.00479942
2.7 0.965106 0.0298017 0.0050918
2.8 0.963641 0.0309634 0.00539559
2.9 0.962121 0.0321681 0.00571121
3 0.960544 0.033417 0.0060391
3.1 0.958909 0.0347116 0.0063797
3.2 0.957213 0.0360535 0.00673349
3.3 0.955455 0.037444 0.00710093
3.4 0.953633 0.0388847 0.00748254
3.5 0.951744 0.0403771 0.0078788
3.6 0.949787 0.0419229 0.00829026
3.7 0.947759 0.0435235 0.00871744
3.8 0.945659 0.0451806 0.00916091
3.9 0.943483 0.0468958 0.00962125
4 0.94123 0.0486708 0.010099
4.1 0.938898 0.0505073 0.0105949
4.2 0.936484 0.0524069 0.0111094
4.3 0.933985 0.0543713 0.0116432
4.4 0.931401 0.0564023 0.012197
4.5 0.928727 0.0585015 0.0127715
4.6 0.925962 0.0606707 0.0133673
4.7 0.923103 0.0629116 0.0139851
4.8 0.920148 0.0652258 0.0146258
4.9 0.917095 0.0676152 0.0152899
5 0.91394 0.0700812 0.0159783
5.1 0.910682 0.0726257 0.0166918
5.2 0.907319 0.0752502 0.0174311
5.3 0.903847 0.0779564 0.0181971
5.4 0.900264 0.0807458 0.0189905
5.5 0.896568 0.0836199 0.0198123
5.6 0.892757 0.0865802 0.0206632
5.7 0.888828 0.0896281 0.0215442
5.8 0.884779 0.0927649 0.0224561
5.9 0.880608 0.095992 0.0233998
6 0.876313 0.0993105 0.0243762
6.1 0.871892 0.102722 0.0253863
6.2 0.867343 0.106226 0.0264309
6.3 0.862664 0.109825 0.0275111
6.4 0.857853 0.113519 0.0286278
6.5 0.852909 0.117309 0.0297818
6.6 0.84783 0.121196 0.0309743
6.7 0.842615 0.125179 0.0322061
6.8 0.837262 0.129259 0.0334782
6.9 0.831772 0.133437 0.0347916
7 0.826142 0.137711 0.0361472
7.1 0.820372 0.142082 0.0375461
7.2 0.814461 0.146549 0.0389892
7.3 0.80841 0.151112 0.0404774
7.4 0.802219 0.15577 0.0420118
7.5 0.795886 0.160521 0.0435931
7.6 0.789413 0.165364 0.0452225
7.7 0.782801 0.170298 0.0469007
7.8 0.77605 0.175321 0.0486288
7.9 0.769161 0.180432 0.0504074
8 0.762136 0.185626 0.0522377
8.1 0.754976 0.190903 0.0541202
8.2 0.747684 0.19626 0.056056
8.3 0.740262 0.201693 0.0580457
8.4 0.732711 0.207198 0.0600901
8.5 0.725036 0.212774 0.0621899
8.6 0.717239 0.218416 0.0643458
8.7 0.709323 0.224119 0.0665584
8.8 0.701292 0.22988 0.0688284
8.9 0.69315 0.235694 0.0711562
9 0.684901 0.241556 0.0735424
9.1 0.67655 0.247462 0.0759875
9.2 0.668102 0.253406 0.0784918
9.3 0.659561 0.259383 0.0810557
9.4 0.650933 0.265387 0.0836795
9.5 0.642224 0.271413 0.0863635
9.6 0.633438 0.277454 0.0891078
9.7 0.624582 0.283505 0.0919126
9.8 0.615662 0.28956 0.094778
9.9 0.606685 0.295611 0.0977038
10 0.597657 0.301653 0.10069
10.1 0.588583 0.30768 0.103737
10.2 0.579472 0.313684 0.106844
10.3 0.57033 0.31966 0.11001
10.4 0.561163 0.3256 0.113237
10.5 0.551979 0.331499 0.116522
10.6 0.542784 0.337349 0.119867
10.7 0.533586 0.343145 0.123269
10.8 0.524392 0.348879 0.126729
10.9 0.515207 0.354546 0.130246
11 0.50604 0.36014 0.13382
11.1 0.496897 0.365654 0.137449
11.2 0.487785 0.371083 0.141133
11.3 0.478709 0.37642 0.14487
11.4 0.469677 0.381662 0.148661
11.5 0.460695 0.386801 0.152503
11.6 0.451769 0.391834 0.156396
11.7 0.442905 0.396755 0.16034
11.8 0.434108 0.40156 0.164331
11.9 0.425385 0.406245 0.16837
12 0.416739 0.410805 0.172456
12.1 0.408177 0.415237 0.176586
12.2 0.399703 0.419537 0.18076
12.3 0.391321 0.423703 0.184976
12.4 0.383036 0.42773 0.189234
12.5 0.374852 0.431618 0.19353
12.6 0.366772 0.435362 0.197865
12.7 0.3588 0.438962 0.202237
12.8 0.35094 0.442416 0.206644
12.9 0.343193 0.445722 0.211085
13 0.335562 0.448879 0.215558
13.1 0.328051 0.451887 0.220062
13.2 0.320661 0.454744 0.224595
13.3 0.313393 0.45745 0.229157
13.4 0.30625 0.460006 0.233744
13.5 0.299233 0.462411 0.238356
13.6 0.292342 0.464666 0.242992
13.7 0.285579 0.466772 0.247649
13.8 0.278944 0.468729 0.252327
13.9 0.272438 0.470539 0.257023
14 0.266061 0.472202 0.261737
14.1 0.259812 0.473721 0.266467
14.2 0.253692 0.475097 0.271211
14.3 0.247701 0.476331 0.275968
14.4 0.241837 0.477426 0.280737
14.5 0.2361 0.478384 0.285516
14.6 0.23049 0.479206 0.290304
14.7 0.225004 0.479896 0.2951
14.8 0.219643 0.480455 0.299902
14.9 0.214404 0.480887 0.304709
15 0.209287 0.481194 0.309519
15.1 0.20429 0.481378 0.314332
15.2 0.199412 0.481442 0.319146
15.3 0.194651 0.481389 0.32396
15.4 0.190004 0.481222 0.328774
15.5 0.185471 0.480944 0.333584
15.6 0.18105 0.480558 0.338392
15.7 0.176739 0.480066 0.343195
15.8 0.172535 0.479472 0.347993
15.9 0.168437 0.478778 0.352784
16 0.164443 0.477988 0.357568
16.1 0.160551 0.477105 0.362344
16.2 0.156759 0.476131 0.36711
16.3 0.153065 0.475069 0.371866
16.4 0.149467 0.473922 0.376611
16.5 0.145962 0.472694 0.381344
16.6 0.142549 0.471386 0.386065
16.7 0.139226 0.470002 0.390772
16.8 0.13599 0.468545 0.395465
16.9 0.13284 0.467018 0.400142
17 0.129773 0.465422 0.404805
17.1 0.126788 0.463761 0.409451
17.2 0.123883 0.462037 0.41408
17.3 0.121055 0.460254 0.418691
17.4 0.118303 0.458412 0.423285
17.5 0.115625 0.456516 0.427859
17.6 0.113018 0.454567 0.432415
17.7 0.110482 0.452568 0.43695
17.8 0.108014 0.45052 0.441466
17.9 0.105612 0.448427 0.445961
18 0.103275 0.44629 0.450434
18.1 0.101001 0.444112 0.454886
18.2 0.0987887 0.441895 0.459316
18.3 0.0966356 0.43964 0.463724
18.4 0.0945406 0.43735 0.468109
18.5 0.092502 0.435027 0.472471
18.6 0.0905182 0.432672 0.47681
18.7 0.0885879 0.430288 0.481124
18.8 0.0867094 0.427875 0.485415
18.9 0.0848813 0.425437 0.489682
19 0.0831022 0.422974 0.493924
19.1 0.0813708 0.420488 0.498141
19.2 0.0796856 0.417981 0.502334
19.3 0.0780455 0.415454 0.506501
19.4 0.076449 0.412908 0.510643
19.5 0.0748951 0.410346 0.514759
19.6 0.0733823 0.407768 0.518849
19.7 0.0719097 0.405176 0.522914
19.8 0.070476 0.402571 0.526953
19.9 0.0690801 0.399954 0.530966
20 0.067721 0.397327 0.534952
20.1 0.0663975 0.39469 0.538912
20.2 0.0651087 0.392046 0.542846
20.3 0.0638535 0.389393 0.546753
20.4 0.0626311 0.386735 0.550634
20.5 0.0614403 0.384072 0.554488
20.6 0.0602805 0.381404 0.558315
20.7 0.0591506 0.378734 0.562116
20.8 0.0580497 0.376061 0.56589
20.9 0.0569771 0.373386 0.569637
21 0.055932 0.370711 0.573357
21.1 0.0549135 0.368035 0.577051
21.2 0.0539209 0.365361 0.580718
21.3 0.0529535 0.362688 0.584358
21.4 0.0520104 0.360018 0.587972
21.5 0.0510912 0.35735 0.591559
21.6 0.0501949 0.354686 0.595119
21.7 0.049321 0.352026 0.598652
21.8 0.0484689 0.349372 0.602159
21.9 0.047638 0.346722 0.60564
22 0.0468275 0.344079 0.609094
22.1 0.0460371 0.341441 0.612522
22.2 0.045266 0.338811 0.615923
22.3 0.0445137 0.336189 0.619298
22.4 0.0437798 0.333574 0.622647
22.5 0.0430636 0.330967 0.625969
22.6 0.0423648 0.328369 0.629266
22.7 0.0416827 0.325781 0.632537
22.8 0.041017 0.323201 0.635782
22.9 0.0403672 0.320632 0.639001
23 0.0397328 0.318073 0.642194
23.1 0.0391134 0.315524 0.645362
23.2 0.0385087 0.312987 0.648505
23.3 0.0379181 0.31046 0.651622
23.4 0.0373413 0.307945 0.654714
23.5 0.036778 0.305441 0.657781
23.6 0.0362277 0.302949 0.660823
23.7 0.0356902 0.30047 0.66384
23.8 0.0351649 0.298003 0.666832
23.9 0.0346518 0.295548 0.6698
24 0.0341503 0.293106 0.672743
24.1 0.0336601 0.290678 0.675662
24.2 0.0331811 0.288262 0.678557
24.3 0.0327128 0.28586 0.681428
24.4 0.0322551 0.283471 0.684274
24.5 0.0318075 0.281095 0.687097
24.6 0.0313699 0.278734 0.689896
24.7 0.030942 0.276386 0.692672
24.8 0.0305235 0.274053 0.695424
24.9 0.0301141 0.271733 0.698153
25 0.0297137 0.269428 0.700859
25.1 0.029322 0.267137 0.703541
25.2 0.0289388 0.26486 0.706201
25.3 0.0285638 0.262598 0.708839
25.4 0.0281969 0.26035 0.711453
25.5 0.0278378 0.258117 0.714046
25.6 0.0274863 0.255898 0.716616
25.7 0.0271423 0.253694 0.719164
25.8 0.0268055 0.251505 0.72169
25.9 0.0264758 0.24933 0.724194
26 0.026153 0.247171 0.726676
26.1 0.0258369 0.245026 0.729137
26.2 0.0255273 0.242896 0.731577
26.3 0.0252241 0.240781 0.733995
26.4 0.0249272 0.23868 0.736393
26.5 0.0246363 0.236595 0.738769
26.6 0.0243513 0.234524 0.741125
26.7 0.0240721 0.232468 0.743459
26.8 0.0237985 0.230428 0.745774
26.9 0.0235304 0.228401 0.748068
27 0.0232677 0.22639 0.750342
27.1 0.0230102 0.224394 0.752596
27.2 0.0227578 0.222412 0.75483
27.3 0.0225104 0.220445 0.757044
27.4 0.0222678 0.218493 0.759239
27.5 0.02203 0.216556 0.761414
27.6 0.0217969 0.214633 0.76357
27.7 0.0215682 0.212725 0.765707
27.8 0.021344 0.210831 0.767825
27.9 0.021124 0.208952 0.769924
28 0.0209083 0.207088 0.772004
28.1 0.0206967 0.205238 0.774065
28.2 0.0204891 0.203402 0.776109
28.3 0.0202854 0.201581 0.778133
28.4 0.0200856 0.199774 0.78014
28.5 0.0198895 0.197982 0.782129
28.6 0.019697 0.196203 0.7841
28.7 0.0195081 0.194439 0.786053
28.8 0.0193228 0.192689 0.787989
28.9 0.0191408 0.190952 0.789907
29 0.0189622 0.18923 0.791808
29.1 0.0187868 0.187522 0.793692
29.2 0.0186146 0.185827 0.795558
29.3 0.0184456 0.184146 0.797408
29.4 0.0182796 0.182479 0.799241
29.5 0.0181166 0.180826 0.801058
29.6 0.0179565 0.179186 0.802858
29.7 0.0177992 0.177559 0.804642
29.8 0.0176447 0.175946 0.806409
29.9 0.017493 0.174347 0.80816
30 0.0173439 0.17276 0.809896
30.1 0.0171975 0.171187 0.811616
30.2 0.0170536 0.169627 0.81332
30.3 0.0169122 0.16808 0.815008
30.4 0.0167732 0.166545 0.816681
30.5 0.0166367 0.165024 0.818339
30.6 0.0165025 0.163516 0.819982
30.7 0.0163706 0.16202 0.82161
30.8 0.0162409 0.160537 0.823222
30.9 0.0161134 0.159066 0.82482
31 0.0159881 0.157608 0.826404
31.1 0.0158649 0.156162 0.827973
31.2 0.0157438 0.154729 0.829527
31.3 0.0156247 0.153308 0.831067
31.4 0.0155076 0.151899 0.832593
31.5 0.0153924 0.150502 0.834105
31.6 0.0152791 0.149118 0.835603
31.7 0.0151677 0.147745 0.837088
31.8 0.0150581 0.146384 0.838558
31.9 0.0149503 0.145034 0.840015
32 0.0148442 0.143697 0.841459
32.1 0.0147399 0.142371 0.842889
32.2 0.0146373 0.141056 0.844306
32.3 0.0145363 0.139753 0.84571
32.4 0.0144369 0.138462 0.847102
32.5 0.0143391 0.137181 0.84848
32.6 0.0142429 0.135912 0.849845
32.7 0.0141482 0.134654 0.851198
32.8 0.014055 0.133407 0.852538
32.9 0.0139632 0.132171 0.853866
33 0.0138729 0.130945 0.855182
33.1 0.013784 0.129731 0.856485
33.2 0.0136965 0.128527 0.857776
33.3 0.0136104 0.127334 0.859056
33.4 0.0135256 0.126151 0.860323
33.5 0.0134421 0.124979 0.861579
33.6 0.0133598 0.123817 0.862823
33.7 0.0132788 0.122666 0.864055
33.8 0.0131991 0.121525 0.865276
33.9 0.0131206 0.120394 0.866486
34 0.0130432 0.119273 0.867684
34.1 0.0129671 0.118162 0.868871
34.2 0.0128921 0.117061 0.870047
34.3 0.0128182 0.115969 0.871212
34.4 0.0127454 0.114888 0.872367
34.5 0.0126737 0.113816 0.87351
34.6 0.012603 0.112754 0.874643
34.7 0.0125334 0.111701 0.875765
34.8 0.0124648 0.110658 0.876877
34.9 0.0123973 0.109624 0.877979
35 0.0123307 0.1086 0.87907
35.1 0.0122651 0.107584 0.880151
35.2 0.0122004 0.106578 0.881221
35.3 0.0121367 0.105581 0.882282
35.4 0.0120739 0.104593 0.883333
35.5 0.012012 0.103614 0.884374
35.6 0.011951 0.102644 0.885405
35.7 0.0118909 0.101682 0.886427
35.8 0.0118316 0.100729 0.887439
35.9 0.0117732 0.0997852 0.888442
36 0.0117156 0.0988497 0.889435
36.1 0.0116589 0.0979226 0.890419
36.2 0.0116029 0.0970039 0.891393
36.3 0.0115477 0.0960936 0.892359
36.4 0.0114933 0.0951916 0.893315
36.5 0.0114396 0.0942979 0.894263
36.6 0.0113867 0.0934122 0.895201
36.7 0.0113345 0.0925347 0.896131
36.8 0.0112831 0.0916651 0.897052
36.9 0.0112324 0.0908035 0.897964
37 0.0111823 0.0899498 0.898868
37.1 0.011133 0.0891039 0.899763
37.2 0.0110843 0.0882657 0.90065
37.3 0.0110363 0.0874352 0.901528
37.4 0.0109889 0.0866123 0.902399
37.5 0.0109422 0.085797 0.903261
37.6 0.0108962 0.0849892 0.904115
37.7 0.0108507 0.0841887 0.904961
37.8 0.0108059 0.0833957 0.905798
37.9 0.0107616 0.0826099 0.906629
38 0.010718 0.0818313 0.907451
38.1 0.0106749 0.0810599 0.908265
38.2 0.0106324 0.0802956 0.909072
38.3 0.0105905 0.0795384 0.909871
38.4 0.0105491 0.0787881 0.910663
38.5 0.0105083 0.0780448 0.911447
38.6 0.010468 0.0773083 0.912224
38.7 0.0104283 0.0765786 0.912993
38.8 0.0103891 0.0758557 0.913755
38.9 0.0103503 0.0751395 0.91451
39 0.0103121 0.0744298 0.915258
39.1 0.0102744 0.0737268 0.915999
39.2 0.0102372 0.0730302 0.916733
39.3 0.0102005 0.0723401 0.917459
39.4 0.0101642 0.0716564 0.918179
39.5 0.0101284 0.070979 0.918893
39.6 0.0100931 0.0703079 0.919599
39.7 0.0100582 0.0696431 0.920299
39.8 0.0100237 0.0689844 0.920992
39.9 0.00998973 0.0683318 0.921678
40 0.00995617 0.0676853 0.922359
40.1 0.00992303 0.0670448 0.923032
40.2 0.00989032 0.0664102 0.923699
40.3 0.00985802 0.0657815 0.92436
40.4 0.00982612 0.0651587 0.925015
40.5 0.00979463 0.0645417 0.925664
40.6 0.00976353 0.0639305 0.926306
40.7 0.00973283 0.0633249 0.926942
40.8 0.0097025 0.062725 0.927573
40.9 0.00967256 0.0621307 0.928197
41 0.00964299 0.0615419 0.928815
41.1 0.00961379 0.0609586 0.929428
41.2 0.00958495 0.0603807 0.930034
41.3 0.00955646 0.0598083 0.930635
41.4 0.00952833 0.0592412 0.931231
41.5 0.00950055 0.0586793 0.93182
41.6 0.0094731 0.0581228 0.932404
41.7 0.009446 0.0575714 0.932983
41.8 0.00941922 0.0570252 0.933556
41.9 0.00939278 0.0564841 0.934123
42 0.00936665 0.0559481 0.934685
42.1 0.00934084 0.0554171 0.935242
42.2 0.00931535 0.054891 0.935794
42.3 0.00929017 0.0543699 0.93634
42.4 0.00926529 0.0538537 0.936881
42.5 0.00924071 0.0533423 0.937417
42.6 0.00921643 0.0528357 0.937948
42.7 0.00919244 0.0523338 0.938474
42.8 0.00916874 0.0518367 0.938995
42.9 0.00914532 0.0513442 0.93951
43 0.00912218 0.0508563 0.940021
43.1 0.00909932 0.0503731 0.940528
43.2 0.00907673 0.0498943 0.941029
43.3 0.00905441 0.0494201 0.941526
43.4 0.00903235 0.0489503 0.942017
43.5 0.00901056 0.0484849 0.942505
43.6 0.00898902 0.0480239 0.942987
43.7 0.00896774 0.0475672 0.943465
43.8 0.00894671 0.0471148 0.943938
43.9 0.00892593 0.0466667 0.944407
44 0.00890539 0.0462228 0.944872
44.1 0.00888509 0.0457831 0.945332
44.2 0.00886503 0.0453475 0.945787
44.3 0.0088452 0.044916 0.946239
44.4 0.0088256 0.0444886 0.946686
44.5 0.00880624 0.0440652 0.947129
44.6 0.00878709 0.0436458 0.947567
44.7 0.00876817 0.0432303 0.948001
44.8 0.00874947 0.0428188 0.948432
44.9 0.00873099 0.0424111 0.948858
45 0.00871272 0.0420073 0.94928
45.1 0.00869466 0.0416073 0.949698
45.2 0.00867681 0.0412111 0.950112
45.3 0.00865916 0.0408186 0.950522
45.4 0.00864172 0.0404298 0.950929
45.5 0.00862447 0.0400446 0.951331
45.6 0.00860742 0.0396632 0.951729
45.7 0.00859057 0.0392853 0.952124
45.8 0.00857391 0.0389109 0.952515
45.9 0.00855744 0.0385402 0.952902
46 0.00854116 0.0381729 0.953286
46.1 0.00852506 0.0378091 0.953666
46.2 0.00850914 0.0374487 0.954042
46.3 0.00849341 0.0370917 0.954415
46.4 0.00847785 0.0367382 0.954784
46.5 0.00846247 0.0363879 0.95515
46.6 0.00844726 0.036041 0.955512
46.7 0.00843222 0.0356973 0.95587
46.8 0.00841735 0.0353569 0.956226
46.9 0.00840265 0.0350197 0.956578
47 0.00838811 0.0346858 0.956926
47.1 0.00837374 0.0343549 0.957271
47.2 0.00835953 0.0340272 0.957613
47.3 0.00834547 0.0337026 0.957952
47.4 0.00833157 0.0333811 0.958287
47.5 0.00831783 0.0330627 0.95862
47.6 0.00830424 0.0327472 0.958949
47.7 0.0082908 0.0324347 0.959274
47.8 0.00827751 0.0321252 0.959597
47.9 0.00826437 0.0318187 0.959917
48 0.00825137 0.031515 0.960234
48.1 0.00823851 0.0312142 0.960547
48.2 0.0082258 0.0309163 0.960858
48.3 0.00821323 0.0306211 0.961166
48.4 0.0082008 0.0303288 0.96147
48.5 0.0081885 0.0300393 0.961772
48.6 0.00817634 0.0297525 0.962071
48.7 0.00816431 0.0294684 0.962367
48.8 0.00815241 0.029187 0.962661
48.9 0.00814064 0.0289083 0.962951
49 0.00812901 0.0286323 0.963239
49.1 0.00811749 0.0283588 0.963524
49.2 0.00810611 0.028088 0.963806
49.3 0.00809485 0.0278197 0.964085
49.4 0.00808371 0.027554 0.964362
49.5 0.00807269 0.0272908 0.964637
49.6 0.00806179 0.0270301 0.964908
49.7 0.00805101 0.0267718 0.965177
49.8 0.00804035 0.0265161 0.965444
49.9 0.0080298 0.0262627 0.965707
50 0.00801936 0.0260118 0.965969
50.1 0.00800904 0.0257632 0.966228
50.2 0.00799883 0.0255171 0.966484
50.3 0.00798873 0.0252732 0.966738
50.4 0.00797874 0.0250317 0.96699
50.5 0.00796886 0.0247924 0.967239
50.6 0.00795908 0.0245555 0.967485
50.7 0.0079494 0.0243208 0.96773
50.8 0.00793983 0.0240883 0.967972
50.9 0.00793037 0.023858 0.968212
51 0.007921 0.02363 0.968449
51.1 0.00791174 0.0234041 0.968684
51.2 0.00790257 0.0231803 0.968917
51.3 0.0078935 0.0229587 0.969148
51.4 0.00788453 0.0227392 0.969376
51.5 0.00787565 0.0225217 0.969603
51.6 0.00786687 0.0223064 0.969827
51.7 0.00785818 0.0220931 0.970049
51.8 0.00784958 0.0218818 0.970269
51.9 0.00784108 0.0216725 0.970486
52 0.00783266 0.0214653 0.970702
52.1 0.00782433 0.02126 0.970916
52.2 0.0078161 0.0210566 0.971127
52.3 0.00780794 0.0208552 0.971337
52.4 0.00779988 0.0206557 0.971544
52.5 0.0077919 0.0204581 0.97175
52.6 0.007784 0.0202624 0.971954
52.7 0.00777619 0.0200686 0.972155
52.8 0.00776846 0.0198766 0.972355
52.9 0.00776081 0.0196864 0.972553
53 0.00775324 0.0194981 0.972749
53.1 0.00774575 0.0193115 0.972943
53.2 0.00773834 0.0191268 0.973135
53.3 0.00773101 0.0189437 0.973325
53.4 0.00772375 0.0187625 0.973514
53.5 0.00771657 0.0185829 0.973701
53.6 0.00770946 0.0184051 0.973885
53.7 0.00770243 0.0182289 0.974069
53.8 0.00769547 0.0180545 0.97425
53.9 0.00768859 0.0178817 0.97443
54 0.00768177 0.0177106 0.974608
54.1 0.00767503 0.017541 0.974784
54.2 0.00766836 0.0173731 0.974959
54.3 0.00766175 0.0172068 0.975131
54.4 0.00765522 0.0170421 0.975303
54.5 0.00764875 0.016879 0.975472
54.6 0.00764235 0.0167174 0.97564
54.7 0.00763602 0.0165574 0.975807
54.8 0.00762975 0.0163989 0.975971
54.9 0.00762355 0.0162419 0.976135
55 0.00761741 0.0160864 0.976296
55.1 0.00761134 0.0159323 0.976456
55.2 0.00760532 0.0157798 0.976615
55.3 0.00759937 0.0156287 0.976772
55.4 0.00759348 0.0154791 0.976927
55.5 0.00758766 0.0153308 0.977082
55.6 0.00758189 0.015184 0.977234
55.7 0.00757618 0.0150386 0.977385
55.8 0.00757053 0.0148946 0.977535
55.9 0.00756494 0.014752 0.977683
56 0.0075594 0.0146107 0.97783
56.1 0.00755392 0.0144708 0.977975
56.2 0.0075485 0.0143322 0.978119
56.3 0.00754314 0.0141949 0.978262
56.4 0.00753783 0.014059 0.978403
56.5 0.00753257 0.0139243 0.978543
56.6 0.00752737 0.0137909 0.978682
56.7 0.00752222 0.0136588 0.978819
56.8 0.00751712 0.013528 0.978955
56.9 0.00751208 0.0133984 0.97909
57 0.00750708 0.0132701 0.979223
57.1 0.00750214 0.0131429 0.979355
57.2 0.00749725 0.013017 0.979486
57.3 0.00749241 0.0128923 0.979615
57.4 0.00748762 0.0127688 0.979744
57.5 0.00748287 0.0126465 0.979871
57.6 0.00747818 0.0125253 0.979997
57.7 0.00747353 0.0124053 0.980121
57.8 0.00746893 0.0122864 0.980245
57.9 0.00746438 0.0121687 0.980367
58 0.00745987 0.0120521 0.980488
58.1 0.00745541 0.0119366 0.980608
58.2 0.00745099 0.0118223 0.980727
58.3 0.00744662 0.011709 0.980844
58.4 0.0074423 0.0115968 0.980961
58.5 0.00743801 0.0114857 0.981076
58.6 0.00743377 0.0113756 0.981191
58.7 0.00742958 0.0112666 0.981304
58.8 0.00742542 0.0111586 0.981416
58.9 0.00742131 0.0110517 0.981527
59 0.00741724 0.0109458 0.981637
59.1 0.00741321 0.0108409 0.981746
59.2 0.00740922 0.010737 0.981854
59.3 0.00740527 0.010634 0.981961
59.4 0.00740136 0.0105321 0.982067
59.5 0.00739749 0.0104312 0.982171
59.6 0.00739366 0.0103312 0.982275
59.7 0.00738987 0.0102322 0.982378
59.8 0.00738612 0.0101341 0.98248
59.9 0.0073824 0.010037 0.982581
60 0.00737872 0.00994075 0.982681
60.1 0.00737508 0.00984546 0.982779
60.2 0.00737148 0.00975108 0.982877
60.3 0.00736791 0.00965761 0.982974
60.4 0.00736438 0.00956503 0.983071
60.5 0.00736088 0.00947334 0.983166
60.6 0.00735742 0.00938252 0.98326
60.7 0.00735399 0.00929257 0.983353
60.8 0.0073506 0.00920349 0.983446
60.9 0.00734724 0.00911525 0.983538
61 0.00734391 0.00902786 0.983628
61.1 0.00734062 0.00894131 0.983718
61.2 0.00733736 0.00885558 0.983807
61.3 0.00733413 0.00877068 0.983895
61.4 0.00733094 0.00868659 0.983982
61.5 0.00732778 0.0086033 0.984069
61.6 0.00732465 0.00852081 0.984155
61.7 0.00732155 0.00843911 0.984239
61.8 0.00731848 0.0083582 0.984323
61.9 0.00731544 0.00827805 0.984407
62 0.00731243 0.00819868 0.984489
62.1 0.00730946 0.00812006 0.98457
62.2 0.00730651 0.0080422 0.984651
62.3 0.00730359 0.00796508 0.984731
62.4 0.0073007 0.0078887 0.984811
62.5 0.00729784 0.00781305 0.984889
62.6 0.00729501 0.00773813 0.984967
62.7 0.00729221 0.00766393 0.985044
62.8 0.00728943 0.00759043 0.98512
62.9 0.00728668 0.00751764 0.985196
63 0.00728396 0.00744554 0.98527
63.1 0.00728127 0.00737414 0.985345
63.2 0.0072786 0.00730342 0.985418
63.3 0.00727596 0.00723338 0.985491
63.4 0.00727334 0.00716401 0.985563
63.5 0.00727076 0.0070953 0.985634
63.6 0.00726819 0.00702725 0.985705
63.7 0.00726566 0.00695985 0.985774
63.8 0.00726314 0.0068931 0.985844
63.9 0.00726066 0.00682699 0.985912
64 0.00725819 0.00676151 0.98598
64.1 0.00725576 0.00669665 0.986048
64.2 0.00725334 0.00663242 0.986114
64.3 0.00725095 0.00656881 0.98618
64.4 0.00724859 0.0065058 0.986246
64.5 0.00724624 0.0064434 0.98631
64.6 0.00724392 0.00638159 0.986374
64.7 0.00724163 0.00632038 0.986438
64.8 0.00723935 0.00625976 0.986501
64.9 0.0072371 0.00619971 0.986563
65 0.00723487 0.00614024 0.986625
65.1 0.00723266 0.00608134 0.986686
65.2 0.00723048 0.006023 0.986747
65.3 0.00722831 0.00596523 0.986806
65.4 0.00722617 0.005908 0.986866
65.5 0.00722405 0.00585133 0.986925
65.6 0.00722195 0.0057952 0.986983
65.7 0.00721987 0.0057396 0.987041
65.8 0.00721781 0.00568454 0.987098
65.9 0.00721577 0.00563001 0.987154
66 0.00721375 0.005576 0.98721
66.1 0.00721175 0.00552251 0.987266
66.2 0.00720978 0.00546952 0.987321
66.3 0.00720782 0.00541705 0.987375
66.4 0.00720588 0.00536508 0.987429
66.5 0.00720395 0.00531361 0.987482
66.6 0.00720205 0.00526263 0.987535
66.7 0.00720017 0.00521214 0.987588
66.8 0.0071983 0.00516214 0.98764
66.9 0.00719646 0.00511261 0.987691
67 0.00719463 0.00506356 0.987742
67.1 0.00719282 0.00501498 0.987792
67.2 0.00719102 0.00496686 0.987842
67.3 0.00718925 0.0049192 0.987892
67.4 0.00718749 0.00487201 0.987941
67.5 0.00718575 0.00482526 0.987989
67.6 0.00718403 0.00477896 0.988037
67.7 0.00718232 0.00473311 0.988085
67.8 0.00718063 0.0046877 0.988132
67.9 0.00717896 0.00464272 0.988178
68 0.0071773 0.00459817 0.988225
68.1 0.00717566 0.00455405 0.98827
68.2 0.00717404 0.00451035 0.988316
68.3 0.00717243 0.00446707 0.98836
68.4 0.00717084 0.00442421 0.988405
68.5 0.00716926 0.00438176 0.988449
68.6 0.0071677 0.00433971 0.988493
68.7 0.00716615 0.00429807 0.988536
68.8 0.00716462 0.00425683 0.988579
68.9 0.00716311 0.00421598 0.988621
69 0.0071616 0.00417552 0.988663
69.1 0.00716012 0.00413546 0.988704
69.2 0.00715865 0.00409577 0.988746
69.3 0.00715719 0.00405647 0.988786
69.4 0.00715574 0.00401754 0.988827
69.5 0.00715432 0.00397899 0.988867
69.6 0.0071529 0.0039408 0.988906
69.7 0.0071515 0.00390299 0.988946
69.8 0.00715011 0.00386553 0.988984
69.9 0.00714874 0.00382844 0.989023
70 0.00714738 0.0037917 0.989061
70.1 0.00714603 0.00375531 0.989099
70.2 0.0071447 0.00371927 0.989136
70.3 0.00714337 0.00368358 0.989173
70.4 0.00714207 0.00364823 0.98921
70.5 0.00714077 0.00361322 0.989246
70.6 0.00713949 0.00357854 0.989282
70.7 0.00713822 0.0035442 0.989318
70.8 0.00713696 0.00351018 0.989353
70.9 0.00713571 0.0034765 0.989388
71 0.00713448 0.00344313 0.989422
71.1 0.00713326 0.00341009 0.989457
71.2 0.00713205 0.00337736 0.989491
71.3 0.00713085 0.00334495 0.989524
71.4 0.00712967 0.00331284 0.989557
71.5 0.00712849 0.00328105 0.98959
71.6 0.00712733 0.00324956 0.989623
71.7 0.00712618 0.00321837 0.989655
71.8 0.00712504 0.00318748 0.989687
71.9 0.00712391 0.00315689 0.989719
72 0.00712279 0.00312659 0.989751
72.1 0.00712168 0.00309658 0.989782
72.2 0.00712059 0.00306686 0.989813
72.3 0.0071195 0.00303743 0.989843
72.4 0.00711843 0.00300827 0.989873
72.5 0.00711736 0.0029794 0.989903
72.6 0.00711631 0.0029508 0.989933
72.7 0.00711526 0.00292248 0.989962
72.8 0.00711423 0.00289443 0.989991
72.9 0.0071132 0.00286665 0.99002
73 0.00711219 0.00283914 0.990049
73.1 0.00711119 0.00281188 0.990077
73.2 0.00711019 0.00278489 0.990105
73.3 0.00710921 0.00275816 0.990133
73.4 0.00710823 0.00273169 0.99016
73.5 0.00710727 0.00270547 0.990187
73.6 0.00710631 0.0026795 0.990214
73.7 0.00710536 0.00265378 0.990241
73.8 0.00710443 0.00262831 0.990267
73.9 0.0071035 0.00260308 0.990293
74 0.00710258 0.0025781 0.990319
74.1 0.00710167 0.00255335 0.990345
74.2 0.00710077 0.00252884 0.99037
74.3 0.00709987 0.00250457 0.990396
74.4 0.00709899 0.00248053 0.99042
74.5 0.00709811 0.00245672 0.990445
74.6 0.00709725 0.00243313 0.99047
74.7 0.00709639 0.00240978 0.990494
74.8 0.00709554 0.00238665 0.990518
74.9 0.00709469 0.00236374 0.990542
75 0.00709386 0.00234105 0.990565
75.1 0.00709303 0.00231857 0.990588
75.2 0.00709222 0.00229632 0.990611
75.3 0.00709141 0.00227428 0.990634
75.4 0.0070906 0.00225244 0.990657
75.5 0.00708981 0.00223082 0.990679
75.6 0.00708902 0.00220941 0.990702
75.7 0.00708824 0.0021882 0.990724
75.8 0.00708747 0.00216719 0.990745
75.9 0.00708671 0.00214639 0.990767
76 0.00708595 0.00212579 0.990788
76.1 0.0070852 0.00210538 0.990809
76.2 0.00708446 0.00208517 0.99083
76.3 0.00708373 0.00206515 0.990851
76.4 0.007083 0.00204533 0.990872
76.5 0.00708228 0.00202569 0.990892
76.6 0.00708157 0.00200625 0.990912
76.7 0.00708086 0.00198699 0.990932
76.8 0.00708016 0.00196791 0.990952
76.9 0.00707947 0.00194902 0.990972
77 0.00707878 0.00193031 0.990991
77.1 0.0070781 0.00191178 0.99101
77.2 0.00707743 0.00189343 0.991029
77.3 0.00707676 0.00187525 0.991048
77.4 0.0070761 0.00185725 0.991067
77.5 0.00707545 0.00183942 0.991085
77.6 0.0070748 0.00182176 0.991103
77.7 0.00707416 0.00180427 0.991122
77.8 0.00707352 0.00178695 0.99114
77.9 0.0070729 0.0017698 0.991157
78 0.00707227 0.0017528 0.991175
78.1 0.00707166 0.00173598 0.991192
78.2 0.00707105 0.00171931 0.99121
78.3 0.00707044 0.00170281 0.991227
78.4 0.00706984 0.00168646 0.991244
78.5 0.00706925 0.00167027 0.99126
78.6 0.00706866 0.00165423 0.991277
78.7 0.00706808 0.00163835 0.991294
78.8 0.0070675 0.00162262 0.99131
78.9 0.00706693 0.00160705 0.991326
79 0.00706637 0.00159162 0.991342
79.1 0.00706581 0.00157634 0.991358
79.2 0.00706526 0.0015612 0.991374
79.3 0.00706471 0.00154622 0.991389
79.4 0.00706416 0.00153137 0.991404
79.5 0.00706363 0.00151667 0.99142
79.6 0.00706309 0.00150211 0.991435
79.7 0.00706256 0.00148769 0.99145
79.8 0.00706204 0.0014734 0.991465
79.9 0.00706152 0.00145926 0.991479
80 0.00706101 0.00144525 0.991494
80.1 0.0070605 0.00143137 0.991508
80.2 0.00706 0.00141763 0.991522
80.3 0.0070595 0.00140402 0.991536
80.4 0.00705901 0.00139054 0.99155
80.5 0.00705852 0.00137719 0.991564
80.6 0.00705804 0.00136397 0.991578
80.7 0.00705756 0.00135087 0.991592
80.8 0.00705709 0.0013379 0.991605
80.9 0.00705662 0.00132506 0.991618
81 0.00705615 0.00131234 0.991632
81.1 0.00705569 0.00129974 0.991645
81.2 0.00705523 0.00128726 0.991658
81.3 0.00705478 0.0012749 0.99167
81.4 0.00705433 0.00126266 0.991683
81.5 0.00705389 0.00125054 0.991696
81.6 0.00705345 0.00123853 0.991708
81.7 0.00705302 0.00122664 0.99172
81.8 0.00705259 0.00121486 0.991733
81.9 0.00705216 0.0012032 0.991745
82 0.00705174 0.00119165 0.991757
82.1 0.00705132 0.0011802 0.991768
82.2 0.00705091 0.00116887 0.99178
82.3 0.0070505 0.00115765 0.991792
82.4 0.00705009 0.00114654 0.991803
82.5 0.00704969 0.00113553 0.991815
82.6 0.00704929 0.00112463 0.991826
82.7 0.0070489 0.00111383 0.991837
82.8 0.00704851 0.00110313 0.991848
82.9 0.00704812 0.00109254 0.991859
83 0.00704774 0.00108205 0.99187
83.1 0.00704736 0.00107166 0.991881
83.2 0.00704698 0.00106137 0.991892
83.3 0.00704661 0.00105118 0.991902
83.4 0.00704624 0.00104109 0.991913
83.5 0.00704588 0.00103109 0.991923
83.6 0.00704551 0.00102119 0.991933
83.7 0.00704516 0.00101139 0.991943
83.8 0.0070448 0.00100168 0.991954
83.9 0.00704445 0.000992061 0.991963
84 0.0070441 0.000982536 0.991973
84.1 0.00704376 0.000973102 0.991983
84.2 0.00704342 0.000963759 0.991993
84.3 0.00704308 0.000954505 0.992002
84.4 0.00704275 0.00094534 0.992012
84.5 0.00704241 0.000936264 0.992021
84.6 0.00704209 0.000927274 0.992031
84.7 0.00704176 0.000918371 0.99204
84.8 0.00704144 0.000909553 0.992049
84.9 0.00704112 0.00090082 0.992058
85 0.00704081 0.000892171 0.992067
85.1 0.00704049 0.000883604 0.992076
85.2 0.00704018 0.00087512 0.992085
85.3 0.00703988 0.000866718 0.992093
85.4 0.00703957 0.000858396 0.992102
85.5 0.00703927 0.000850154 0.992111
85.6 0.00703898 0.000841991 0.992119
85.7 0.00703868 0.000833906 0.992127
85.8 0.00703839 0.000825899 0.992136
85.9 0.0070381 0.000817969 0.992144
86 0.00703781 0.000810115 0.992152
86.1 0.00703753 0.000802336 0.99216
86.2 0.00703725 0.000794633 0.992168
86.3 0.00703697 0.000787003 0.992176
86.4 0.00703669 0.000779446 0.992184
86.5 0.00703642 0.000771962 0.992192
86.6 0.00703615 0.00076455 0.992199
86.7 0.00703588 0.000757209 0.992207
86.8 0.00703562 0.000749938 0.992214
86.9 0.00703536 0.000742737 0.992222
87 0.0070351 0.000735605 0.992229
87.1 0.00703484 0.000728542 0.992237
87.2 0.00703458 0.000721547 0.992244
87.3 0.00703433 0.000714619 0.992251
87.4 0.00703408 0.000707757 0.992258
87.5 0.00703383 0.000700961 0.992265
87.6 0.00703359 0.00069423 0.992272
87.7 0.00703335 0.000687564 0.992279
87.8 0.00703311 0.000680962 0.992286
87.9 0.00703287 0.000674424 0.992293
88 0.00703263 0.000667948 0.992299
88.1 0.0070324 0.000661534 0.992306
88.2 0.00703217 0.000655182 0.992313
88.3 0.00703194 0.000648891 0.992319
88.4 0.00703171 0.00064266 0.992326
88.5 0.00703148 0.00063649 0.992332
88.6 0.00703126 0.000630378 0.992338
88.7 0.00703104 0.000624325 0.992345
88.8 0.00703082 0.00061833 0.992351
88.9 0.00703061 0.000612393 0.992357
89 0.00703039 0.000606513 0.992363
89.1 0.00703018 0.000600689 0.992369
89.2 0.00702997 0.000594921 0.992375
89.3 0.00702976 0.000589208 0.992381
89.4 0.00702956 0.000583551 0.992387
89.5 0.00702935 0.000577947 0.992393
89.6 0.00702915 0.000572398 0.992398
89.7 0.00702895 0.000566901 0.992404
89.8 0.00702875 0.000561458 0.99241
89.9 0.00702856 0.000556067 0.992415
90 0.00702836 0.000550727 0.992421
90.1 0.00702817 0.000545439 0.992426
90.2 0.00702798 0.000540202 0.992432
90.3 0.00702779 0.000535014 0.992437
90.4 0.0070276 0.000529877 0.992443
90.5 0.00702742 0.000524789 0.992448
90.6 0.00702723 0.00051975 0.992453
90.7 0.00702705 0.000514759 0.992458
90.8 0.00702687 0.000509816 0.992463
90.9 0.00702669 0.000504921 0.992468
91 0.00702652 0.000500072 0.992473
91.1 0.00702634 0.000495271 0.992478
91.2 0.00702617 0.000490515 0.992483
91.3 0.007026 0.000485805 0.992488
91.4 0.00702583 0.00048114 0.992493
91.5 0.00702566 0.00047652 0.992498
91.6 0.00702549 0.000471944 0.992503
91.7 0.00702533 0.000467412 0.992507
91.8 0.00702516 0.000462924 0.992512
91.9 0.007025 0.000458479 0.992517
92 0.00702484 0.000454076 0.992521
92.1 0.00702468 0.000449716 0.992526
92.2 0.00702453 0.000445398 0.99253
92.3 0.00702437 0.000441121 0.992535
92.4 0.00702422 0.000436885 0.992539
92.5 0.00702406 0.00043269 0.992543
92.6 0.00702391 0.000428535 0.992548
92.7 0.00702376 0.00042442 0.992552
92.8 0.00702361 0.000420345 0.992556
92.9 0.00702347 0.000416308 0.99256
93 0.00702332 0.000412311 0.992564
93.1 0.00702318 0.000408351 0.992568
93.2 0.00702304 0.00040443 0.992573
93.3 0.00702289 0.000400547 0.992577
93.4 0.00702275 0.000396701 0.992581
93.5 0.00702262 0.000392891 0.992584
93.6 0.00702248 0.000389118 0.992588
93.7 0.00702234 0.000385382 0.992592
93.8 0.00702221 0.000381681 0.992596
93.9 0.00702207 0.000378016 0.9926
94 0.00702194 0.000374386 0.992604
94.1 0.00702181 0.000370791 0.992607
94.2 0.00702168 0.000367231 0.992611
94.3 0.00702155 0.000363704 0.992615
94.4 0.00702143 0.000360212 0.992618
94.5 0.0070213 0.000356753 0.992622
94.6 0.00702118 0.000353327 0.992625
94.7 0.00702105 0.000349934 0.992629
94.8 0.00702093 0.000346574 0.992632
94.9 0.00702081 0.000343246 0.992636
95 0.00702069 0.00033995 0.992639
95.1 0.00702057 0.000336686 0.992643
95.2 0.00702045 0.000333453 0.992646
95.3 0.00702034 0.000330251 0.992649
95.4 0.00702022 0.000327079 0.992653
95.5 0.00702011 0.000323938 0.992656
95.6 0.00701999 0.000320828 0.992659
95.7 0.00701988 0.000317747 0.992662
95.8 0.00701977 0.000314696 0.992666
95.9 0.00701966 0.000311674 0.992669
96 0.00701955 0.000308681 0.992672
96.1 0.00701944 0.000305717 0.992675
96.2 0.00701934 0.000302781 0.992678
96.3 0.00701923 0.000299874 0.992681
96.4 0.00701913 0.000296994 0.992684
96.5 0.00701902 0.000294142 0.992687
96.6 0.00701892 0.000291318 0.99269
96.7 0.00701882 0.00028852 0.992693
96.8 0.00701872 0.00028575 0.992696
96.9 0.00701862 0.000283006 0.992698
97 0.00701852 0.000280288 0.992701
97.1 0.00701842 0.000277596 0.992704
97.2 0.00701832 0.000274931 0.992707
97.3 0.00701823 0.000272291 0.992709
97.4 0.00701813 0.000269676 0.992712
97.5 0.00701804 0.000267086 0.992715
97.6 0.00701795 0.000264522 0.992718
97.7 0.00701785 0.000261981 0.99272
97.8 0.00701776 0.000259466 0.992723
97.9 0.00701767 0.000256974 0.992725
98 0.00701758 0.000254507 0.992728
98.1 0.00701749 0.000252063 0.99273
98.2 0.0070174 0.000249642 0.992733
98.3 0.00701732 0.000247245 0.992735
98.4 0.00701723 0.000244871 0.992738
98.5 0.00701715 0.000242519 0.99274
98.6 0.00701706 0.00024019 0.992743
98.7 0.00701698 0.000237884 0.992745
98.8 0.00701689 0.000235599 0.992748
98.9 0.00701681 0.000233337 0.99275
99 0.00701673 0.000231096 0.992752
99.1 0.00701665 0.000228877 0.992754
99.2 0.00701657 0.000226679 0.992757
99.3 0.00701649 0.000224503 0.992759
99.4 0.00701641 0.000222347 0.992761
99.5 0.00701633 0.000220212 0.992763
99.6 0.00701626 0.000218097 0.992766
99.7 0.00701618 0.000216003 0.992768
99.8 0.00701611 0.000213928 0.99277
99.9 0.00701603 0.000211874 0.992772
100 0.00701596 0.000209839 0.992774
