0 0.999999 1.26582e-06 0
0.5 0.999998 1.79623e-06 7.57723e-08
1 0.999997 2.54888e-06 1.83295e-07
1.5 0.999996 3.61692e-06 3.35871e-07
2 0.999994 5.13247e-06 5.5238e-07
2.5 0.999992 7.28307e-06 8.5961e-07
3 0.999988 1.03348e-05 1.29558e-06
3.5 0.999983 1.46652e-05 1.91422e-06
4 0.999976 2.08101e-05 2.79207e-06
4.5 0.999966 2.95297e-05 4.03776e-06
5 0.999952 4.19026e-05 5.8054e-06
5.5 0.999932 5.94595e-05 8.31367e-06
6 0.999904 8.43718e-05 1.18729e-05
6.5 0.999863 0.00011972 1.69233e-05
7 0.999806 0.000169876 2.40895e-05
7.5 0.999725 0.000241037 3.42579e-05
8 0.999609 0.000341996 4.86856e-05
8.5 0.999446 0.000485218 6.91558e-05
9 0.999213 0.00068837 9.81976e-05
9.5 0.998884 0.00097648 0.000139397
10 0.998417 0.00138498 0.000197835
10.5 0.997755 0.00196398 0.000280712
11 0.996818 0.00278423 0.000398219
11.5 0.99549 0.00394547 0.00056477
12 0.993611 0.00558783 0.000800718
12.5 0.990958 0.00790747 0.00113475
13 0.987216 0.0111773 0.00160718
13.5 0.981952 0.0157737 0.00227442
14 0.974575 0.02221 0.00321499
14.5 0.964289 0.0311737 0.00453727
15 0.950049 0.0435623 0.00638912
15.5 0.930527 0.060504 0.00896906
16 0.904126 0.0833366 0.0125375
16.5 0.869073 0.113502 0.017425
17 0.823661 0.152307 0.0240322
17.5 0.766683 0.200503 0.0328136
18 0.69803 0.257734 0.0442359
18.5 0.619284 0.322007 0.0587089
19 0.533974 0.389529 0.0764968
19.5 0.447156 0.455206 0.0976382
20 0.364289 0.513804 0.121907
20.5 0.289896 0.561264 0.148841
21 0.226641 0.595538 0.17782
21.5 0.175206 0.616615 0.20818
22 0.134775 0.625936 0.23929
22.5 0.103734 0.625651 0.270615
23 0.0802468 0.618021 0.301732
23.5 0.0626045 0.605068 0.332327
24 0.0493747 0.588449 0.362176
24.5 0.0394297 0.56944 0.39113
25 0.0319135 0.548993 0.419094
25.5 0.0261903 0.527796 0.446014
26 0.0217936 0.50634 0.471866
26.5 0.0183826 0.48497 0.496647
27 0.0157088 0.463924 0.520367
27.5 0.0135904 0.443364 0.543046
28 0.0118938 0.423395 0.564711
28.5 0.0105203 0.404085 0.585395
29 0.00939642 0.385474 0.60513
29.5 0.0084673 0.36758 0.623953
30 0.00769138 0.35041 0.641899
30.5 0.00703709 0.333958 0.659005
31 0.00648022 0.318214 0.675306
31.5 0.00600208 0.303161 0.690837
32 0.0055881 0.288779 0.705633
32.5 0.00522686 0.275048 0.719725
33 0.00490932 0.261943 0.733147
33.5 0.0046283 0.249442 0.745929
34 0.00437803 0.237521 0.758101
34.5 0.00415385 0.226156 0.76969
35 0.00395195 0.215323 0.780725
35.5 0.00376924 0.205 0.791231
36 0.00360315 0.195164 0.801233
36.5 0.00345156 0.185793 0.810755
37 0.00331268 0.176868 0.81982
37.5 0.00318503 0.168366 0.828449
38 0.00306732 0.16027 0.836663
38.5 0.0029585 0.15256 0.844482
39 0.00285763 0.145217 0.851925
39.5 0.00276393 0.138227 0.85901
40 0.0026767 0.13157 0.865753
40.5 0.00259534 0.125233 0.872172
41 0.00251933 0.119199 0.878281
41.5 0.00244822 0.113455 0.884097
42 0.00238159 0.107987 0.889631
42.5 0.00231908 0.102781 0.8949
43 0.00226037 0.0978259 0.899914
43.5 0.00220517 0.0931087 0.904686
44 0.00215323 0.0886184 0.909228
44.5 0.0021043 0.0843442 0.913552
45 0.00205818 0.0802756 0.917666
45.5 0.00201468 0.076403 0.921582
46 0.00197362 0.0727168 0.92531
46.5 0.00193483 0.0692082 0.928857
47 0.00189819 0.0658686 0.932233
47.5 0.00186353 0.0626899 0.935447
48 0.00183076 0.0596645 0.938505
48.5 0.00179974 0.0567849 0.941415
49 0.00177038 0.0540441 0.944186
49.5 0.00174257 0.0514354 0.946822
50 0.00171623 0.0489526 0.949331
50.5 0.00169127 0.0465895 0.951719
51 0.00166761 0.0443404 0.953992
51.5 0.00164517 0.0421997 0.956155
52 0.0016239 0.0401624 0.958214
52.5 0.00160372 0.0382233 0.960173
53 0.00158457 0.0363778 0.962038
53.5 0.0015664 0.0346214 0.963812
54 0.00154916 0.0329497 0.965501
54.5 0.00153279 0.0313587 0.967109
55 0.00151725 0.0298444 0.968638
55.5 0.00150249 0.0284033 0.970094
56 0.00148848 0.0270317 0.97148
56.5 0.00147517 0.0257264 0.972798
57 0.00146252 0.024484 0.974053
57.5 0.00145051 0.0233016 0.975248
58 0.0014391 0.0221763 0.976385
58.5 0.00142825 0.0211053 0.977466
59 0.00141795 0.0200861 0.978496
59.5 0.00140816 0.019116 0.979476
60 0.00139885 0.0181928 0.980408
60.5 0.00139 0.0173141 0.981296
61 0.00138159 0.0164779 0.98214
61.5 0.0013736 0.0156821 0.982944
62 0.001366 0.0149247 0.983709
62.5 0.00135877 0.0142038 0.984437
63 0.0013519 0.0135178 0.98513
63.5 0.00134537 0.0128649 0.98579
64 0.00133915 0.0122435 0.986417
64.5 0.00133325 0.0116522 0.987015
65 0.00132763 0.0110894 0.987583
65.5 0.00132229 0.0105537 0.988124
66 0.00131721 0.010044 0.988639
66.5 0.00131237 0.00955884 0.989129
67 0.00130778 0.00909713 0.989595
67.5 0.00130341 0.00865773 0.990039
68 0.00129925 0.00823954 0.990461
68.5 0.00129529 0.00784155 0.990863
69 0.00129153 0.00746278 0.991246
69.5 0.00128795 0.00710231 0.99161
70 0.00128455 0.00675924 0.991956
70.5 0.00128131 0.00643275 0.992286
71 0.00127823 0.00612202 0.9926
71.5 0.0012753 0.00582631 0.992898
72 0.00127251 0.00554488 0.993183
72.5 0.00126986 0.00527704 0.993453
73 0.00126733 0.00502213 0.993711
73.5 0.00126493 0.00477954 0.993956
74 0.00126265 0.00454867 0.994189
74.5 0.00126047 0.00432895 0.994411
75 0.0012584 0.00411984 0.994622
75.5 0.00125644 0.00392083 0.994823
76 0.00125457 0.00373144 0.995014
76.5 0.00125278 0.00355119 0.995196
77 0.00125109 0.00337965 0.995369
77.5 0.00124948 0.00321639 0.995534
78 0.00124794 0.00306102 0.995691
78.5 0.00124648 0.00291316 0.99584
79 0.00124509 0.00277244 0.995982
79.5 0.00124377 0.00263851 0.996118
80 0.00124251 0.00251106 0.996246
80.5 0.00124132 0.00238976 0.996369
81 0.00124018 0.00227432 0.996486
81.5 0.00123909 0.00216446 0.996596
82 0.00123806 0.0020599 0.996702
82.5 0.00123708 0.0019604 0.996803
83 0.00123615 0.0018657 0.996898
83.5 0.00123526 0.00177557 0.996989
84 0.00123441 0.0016898 0.997076
84.5 0.00123361 0.00160817 0.997158
85 0.00123284 0.00153049 0.997237
85.5 0.00123211 0.00145656 0.997311
86 0.00123142 0.0013862 0.997382
86.5 0.00123076 0.00131923 0.99745
87 0.00123013 0.00125551 0.997514
87.5 0.00122953 0.00119486 0.997576
88 0.00122897 0.00113714 0.997634
88.5 0.00122843 0.00108221 0.997689
89 0.00122791 0.00102993 0.997742
89.5 0.00122742 0.000980177 0.997792
90 0.00122695 0.000932828 0.99784
90.5 0.00122651 0.000887766 0.997886
91 0.00122609 0.000844881 0.997929
91.5 0.00122569 0.000804068 0.99797
92 0.0012253 0.000765226 0.998009
92.5 0.00122494 0.00072826 0.998047
93 0.00122459 0.000693081 0.998082
93.5 0.00122426 0.0006596 0.998116
94 0.00122395 0.000627737 0.998148
94.5 0.00122365 0.000597413 0.998179
95 0.00122337 0.000568554 0.998208
95.5 0.0012231 0.000541089 0.998236
96 0.00122284 0.000514951 0.998262
96.5 0.00122259 0.000490075 0.998287
97 0.00122236 0.000466401 0.998311
97.5 0.00122214 0.000443871 0.998334
98 0.00122193 0.000422429 0.998356
98.5 0.00122173 0.000402022 0.998376
99 0.00122154 0.000382602 0.998396
99.5 0.00122135 0.00036412 0.998415
